1,2,26.846
3,4,10.259
5,6,3.714
7,8,3.186
9,10,3.494
11,12,16.499
9,13,2.571
14,4,3.834
15,16,3.466
3,17,100.474
18,19,3.253
17,20,4.668
7,21,3.302
22,23,18.837
24,25,5.707
26,27,8.741
28,29,2.826
30,31,19.146
28,32,4.222
33,23,12.637
34,35,5.695
36,37,5.261
38,39,4.765
40,41,21.036
42,43,3.395
44,27,11.994
45,46,9.319
31,47,14.095
48,3,6.521
49,25,14.776
50,29,52.958
8,50,22.72
51,52,6.022
53,54,4.176
55,56,4.246
9,31,50.495
57,41,2.478
28,58,19.82
24,57,12.736
59,60,9.617
40,30,3.053
23,61,11.583
62,63,9.666
62,64,4.58
65,53,4.059
66,27,6.656
67,68,6.164
69,44,2.383
70,71,6.596
72,70,2.627
1,73,7.795
74,59,2.928
75,1,17.568
76,70,4.911
77,1,1.823
78,9,10.733
72,56,5.1
9,16,48.102
79,80,7.293
76,81,13.382
82,83,9.94
84,80,11.076
38,85,10.333
81,86,2.987
87,12,6.729
75,2,4.39
88,89,7.367
34,39,3.358
73,25,7.621
34,71,2.743
38,90,4.191
31,91,32.807
92,93,18.019
94,44,4.071
3,86,35.086
95,96,4.931
15,29,11.829
97,20,5.139
98,59,6.941
78,50,13.722
81,99,20.735
100,31,16.354
101,102,3.463
51,92,8.471
103,24,5.0
72,57,5.168
104,105,4.033
9,26,2.661
23,91,16.719
54,40,4.809
72,106,4.19
104,107,3.345
108,3,94.802
31,105,6.799
109,50,13.741
80,68,9.659
110,50,10.022
38,71,3.333
32,111,3.236
112,50,21.685
113,28,1.982
114,70,4.484
51,57,3.149
115,116,3.876
62,117,3.987
118,5,15.14
82,119,14.812
40,21,12.615
66,68,8.631
108,120,5.613
42,121,4.862
122,50,6.589
123,121,4.922
124,99,3.447
115,68,5.718
125,50,13.412
30,61,3.237
79,82,7.332
126,5,2.848
36,27,6.965
53,41,6.494
51,59,9.65
127,86,9.539
5,128,10.817
7,50,93.741
32,52,6.887
31,49,6.869
106,12,2.516
5,115,5.461
129,23,2.59
3,130,19.515
38,131,11.264
132,13,7.55
33,133,4.813
62,54,7.8
134,126,3.098
14,1,17.453
135,14,4.935
28,107,97.991
24,80,6.533
136,1,6.359
72,68,21.036
3,137,18.178
59,138,3.603
31,139,5.051
140,82,3.732
5,141,7.854
44,90,55.283
23,44,21.691
130,50,20.039
79,44,2.142
3,33,41.846
32,91,7.385
40,107,14.627
94,56,19.755
142,76,4.788
101,50,12.125
143,56,2.421
5,46,23.927
144,70,5.938
33,106,2.476
145,121,16.81
146,129,4.507
62,38,5.076
97,55,3.848
74,21,6.461
147,55,2.898
36,57,9.158
148,149,5.527
5,27,17.045
44,67,5.93
31,150,15.473
75,43,3.392
14,50,17.797
115,107,2.969
3,112,21.03
39,29,5.929
2,44,3.032
151,152,4.228
107,81,96.325
110,44,2.808
9,73,4.688
28,7,19.871
28,24,7.518
80,70,3.067
97,81,4.819
153,107,2.768
5,154,3.377
94,95,4.518
123,155,10.925
34,3,84.924
59,37,8.006
156,3,20.147
157,1,21.28
121,4,7.893
100,66,3.748
44,86,2.865
129,13,3.193
158,159,6.006
77,160,2.864
9,28,12.7
64,47,4.01
54,129,5.033
161,162,6.682
163,153,4.282
3,85,10.495
147,40,4.673
3,95,5.127
164,91,2.762
121,68,10.33
28,129,10.078
26,44,43.18
7,44,8.548
165,56,4.076
166,167,6.322
9,168,3.461
95,162,5.01
111,169,8.91
50,99,34.784
125,18,14.474
51,41,5.304
168,169,4.21
7,131,6.676
1,129,2.166
108,116,7.017
26,25,18.218
151,57,2.875
31,115,8.492
14,68,9.393
166,38,13.778
59,101,7.678
31,170,5.29
171,120,8.981
28,17,11.342
172,23,13.635
154,147,3.763
59,41,16.524
125,173,2.997
31,174,6.782
175,124,5.974
154,81,6.452
45,107,7.369
113,34,4.368
17,69,4.635
31,161,16.172
85,131,10.805
157,176,16.801
92,72,14.212
134,31,49.41
45,50,23.319
166,54,3.346
50,43,48.071
111,23,27.3
177,37,3.896
28,178,13.37
68,119,19.141
79,29,3.503
38,160,6.497
51,98,3.256
41,91,5.171
179,68,43.832
51,125,3.796
147,41,39.039
3,81,33.801
169,29,5.207
43,87,8.334
68,13,2.033
103,68,4.599
97,3,8.559
166,104,6.26
180,61,3.586
81,167,8.227
28,144,3.909
90,124,5.083
181,41,4.244
34,33,10.69
33,73,3.289
100,182,3.837
1,93,6.298
135,72,4.443
73,41,9.229
82,71,2.496
128,57,5.261
183,50,40.041
3,40,59.181
97,25,10.168
184,185,6.425
31,83,3.785
45,68,15.88
173,5,7.987
1,5,3.683
65,41,5.793
100,71,13.646
186,36,3.322
186,5,2.949
38,1,4.337
113,23,2.101
150,50,10.697
3,184,19.169
110,59,8.036
90,80,3.305
154,4,3.078
51,62,12.892
23,111,3.522
121,119,4.694
161,84,6.109
59,42,32.36
51,47,7.79
31,41,65.114
181,31,5.391
28,88,9.364
61,164,7.761
41,63,3.918
9,38,3.498
72,169,8.693
9,187,8.519
31,159,4.99
33,82,7.339
30,147,4.442
81,61,11.866
3,153,67.667
97,131,4.847
139,61,7.125
40,152,8.543
1,188,1.597
16,101,4.14
171,1,15.625
111,68,10.382
41,71,3.703
9,120,9.122
145,106,3.41
127,68,4.126
17,116,5.744
3,80,20.529
108,128,4.948
148,31,4.47
56,90,3.226
111,153,11.403
119,12,3.894
79,28,5.737
5,189,6.212
5,124,26.755
34,9,19.821
62,66,3.349
190,68,4.063
188,71,40.246
166,23,7.115
19,32,4.38
62,116,13.339
165,1,6.95
36,191,6.495
7,192,3.941
55,87,5.119
26,1,22.489
166,99,2.695
115,12,2.965
181,63,5.675
106,107,4.274
134,190,5.702
193,23,11.518
193,91,8.5
134,61,7.37
194,102,3.586
3,152,9.142
186,7,21.764
88,59,3.731
135,85,9.442
67,93,22.343
95,1,4.49
47,195,4.129
31,70,38.913
3,196,17.403
197,83,3.655
141,25,7.825
34,119,9.605
153,1,40.714
9,72,99.652
1,169,27.132
31,46,2.574
106,41,2.356
51,42,4.193
65,81,2.717
31,198,15.917
92,174,4.866
70,99,3.166
31,179,11.484
171,70,18.072
77,47,23.0
3,155,2.893
199,50,10.803
190,99,4.734
62,99,7.227
200,28,3.107
190,126,4.953
134,23,22.778
24,201,4.269
110,69,8.764
62,150,2.338
105,188,20.467
66,8,15.94
202,50,9.73
169,56,11.349
72,203,5.756
175,169,5.42
78,31,2.847
65,38,3.554
44,204,3.588
51,31,40.584
40,205,5.64
28,131,19.024
50,152,9.427
54,176,14.293
124,55,3.498
69,185,4.81
206,116,3.6
5,119,11.592
3,25,166.115
100,176,6.803
69,12,3.825
26,36,6.541
207,177,5.669
44,208,19.471
3,209,15.71
40,208,7.818
151,66,11.861
31,111,40.919
106,126,8.068
1,148,2.776
209,195,7.502
180,207,3.797
28,169,30.076
153,66,8.358
49,141,4.072
51,70,6.271
7,126,5.394
34,151,7.972
64,1,3.011
38,53,3.639
42,37,13.88
67,169,4.633
100,38,2.911
110,90,3.255
191,190,7.092
179,5,6.081
36,80,5.076
154,145,8.775
139,44,7.661
163,44,6.587
77,197,5.261
181,199,6.643
210,99,4.437
54,80,3.659
73,162,4.997
32,39,4.408
134,211,3.043
121,152,6.621
97,75,5.783
3,187,33.042
53,196,5.911
77,95,4.204
124,41,3.291
151,37,60.983
163,3,3.92
61,188,6.478
147,19,3.377
59,82,4.845
49,36,11.569
17,13,2.915
62,182,4.739
53,99,9.154
16,6,12.547
193,19,5.195
138,25,4.499
41,29,5.859
62,41,18.935
75,15,5.103
32,50,8.308
69,79,3.838
43,12,6.98
103,34,5.339
65,73,3.8
16,212,10.028
154,41,11.696
134,145,7.345
10,188,10.472
117,207,3.675
90,213,5.354
7,32,10.198
75,90,3.763
34,214,4.121
28,40,10.167
1,141,13.205
62,215,3.333
66,196,4.404
82,21,7.347
67,3,2.193
41,99,10.806
177,55,4.65
28,191,6.657
27,106,3.06
139,5,18.405
33,145,6.021
107,13,2.687
5,35,4.939
175,68,4.405
90,41,8.256
40,58,4.227
6,12,12.024
28,56,2.551
26,2,7.223
3,160,4.146
160,50,4.268
20,201,3.789
142,121,4.135
8,126,3.862
12,187,19.641
6,68,7.214
18,5,10.877
61,82,4.658
28,59,21.245
44,64,6.01
147,202,4.757
137,41,6.921
216,199,2.6
202,208,3.806
166,71,2.663
216,61,3.533
171,59,18.889
28,68,55.256
7,117,5.136
77,80,3.558
28,159,7.914
103,28,5.773
40,111,6.657
59,90,4.65
139,115,4.326
74,41,6.379
31,177,19.301
1,68,188.566
42,83,5.377
125,203,2.846
33,139,3.981
36,23,3.37
1,176,3.088
55,41,3.729
1,217,8.937
92,31,13.544
28,43,2.473
15,1,4.434
92,165,4.537
28,216,4.569
126,41,6.543
210,44,5.216
82,179,6.169
53,90,3.79
157,57,3.823
44,2,12.637
44,164,7.416
3,172,7.59
9,41,5.441
106,58,6.223
31,6,6.38
110,16,11.923
7,45,4.123
218,44,3.445
151,8,22.095
68,164,2.259
74,134,15.96
1,119,11.462
104,41,17.504
9,119,11.371
157,107,6.395
200,219,5.065
201,50,14.573
34,123,4.647
3,212,11.064
9,66,3.024
51,72,44.621
108,179,32.597
9,190,5.103
79,121,4.309
166,26,6.692
31,220,2.196
8,115,4.676
40,13,2.737
66,208,4.571
75,197,3.197
66,201,3.803
115,91,5.278
9,130,8.852
62,207,8.538
175,209,5.503
149,50,17.653
62,72,23.084
132,44,73.781
125,12,7.528
108,12,2.308
142,128,4.181
21,211,5.835
118,141,5.874
81,50,8.351
181,82,5.957
26,79,6.805
113,66,11.339
35,124,3.668
28,70,59.242
59,11,7.381
31,38,30.675
176,54,4.107
47,33,6.243
66,154,3.39
23,157,10.167
17,36,16.67
77,67,30.434
210,221,13.411
40,31,15.09
1,101,7.295
51,101,6.592
12,60,13.106
171,68,3.702
28,82,32.407
100,54,6.125
9,92,7.076
171,71,3.078
108,139,21.941
209,129,5.803
72,115,6.321
9,85,6.689
163,179,5.77
166,222,3.124
28,155,15.352
32,71,3.018
195,1,2.217
171,36,10.121
125,33,3.007
32,44,2.501
82,102,2.935
18,154,12.903
78,72,6.887
15,70,3.446
34,134,11.84
108,190,5.092
88,187,4.654
136,125,4.674
34,217,4.243
125,130,5.671
59,46,3.905
90,32,10.46
23,223,4.259
188,68,15.8
224,90,3.74
103,33,3.754
225,169,5.64
104,73,4.013
7,115,2.7
90,40,21.197
180,70,9.806
79,215,8.902
37,141,3.755
89,83,4.186
28,33,10.612
121,76,4.135
80,185,7.745
225,226,4.764
26,177,4.594
158,23,89.649
7,42,38.282
34,142,3.904
190,11,4.745
74,27,9.359
64,106,3.098
100,44,15.382
10,68,7.103
28,23,84.452
64,104,3.481
59,207,23.463
34,12,6.593
44,91,16.852
166,107,6.65
33,29,4.332
17,12,3.957
161,29,7.938
150,80,3.707
72,16,11.61
3,188,1.478
181,26,3.635
117,1,14.772
34,141,10.006
181,161,5.552
202,1,9.932
203,5,13.622
140,42,5.193
23,107,95.86
76,187,5.314
3,227,10.387
44,177,7.526
102,211,5.557
223,133,7.677
88,54,9.591
33,178,4.987
88,72,17.537
157,228,3.834
16,41,2.313
31,120,11.12
24,68,8.25
28,69,22.307
182,146,3.877
68,133,3.779
10,81,3.416
28,167,10.746
50,23,23.726
222,44,2.866
69,5,14.506
3,210,1.88
28,30,2.784
77,169,2.289
77,56,81.055
42,190,5.166
72,207,3.635
40,139,2.772
169,66,2.5
218,1,9.756
147,203,6.897
3,173,8.262
82,46,3.308
5,50,253.81
150,161,5.262
62,79,3.351
5,16,11.662
57,76,3.24
153,44,2.856
150,25,8.307
163,104,24.912
72,229,34.946
51,190,5.118
33,1,20.269
3,189,9.684
23,211,6.324
1,62,6.894
91,169,2.302
40,179,8.248
7,161,4.064
9,1,86.811
166,110,5.134
44,40,20.754
147,22,18.886
157,50,24.742
26,31,16.33
82,126,2.597
7,109,6.609
92,29,11.504
59,43,8.519
92,64,4.097
81,199,2.111
84,35,7.704
50,189,8.933
21,196,6.734
51,13,2.352
5,167,3.323
106,188,18.536
7,18,11.485
16,42,33.181
62,39,3.926
62,219,3.733
7,16,54.314
52,112,3.271
31,61,29.318
150,149,4.252
28,153,2.622
212,6,5.091
11,50,3.658
147,209,3.262
210,40,2.407
182,38,74.297
134,44,33.301
15,88,3.311
17,180,28.385
37,126,3.543
9,110,14.49
40,174,4.625
33,68,27.008
154,7,3.634
75,229,7.176
88,13,5.184
136,7,28.813
62,85,3.298
62,29,23.997
2,50,29.143
84,128,11.45
209,12,3.452
166,169,9.433
81,91,16.895
59,106,6.29
197,73,3.944
151,43,33.307
53,157,7.305
193,169,2.644
197,169,5.596
65,64,4.05
225,126,3.885
44,185,2.763
19,68,5.037
42,25,6.606
66,121,5.233
197,98,5.569
83,73,4.24
9,87,3.692
44,121,9.49
44,35,5.682
48,17,7.051
59,117,10.403
2,106,3.484
33,121,4.127
7,1,87.594
157,21,4.533
9,152,5.877
159,107,8.289
157,167,4.015
59,80,3.717
78,12,9.888
195,68,6.028
15,72,11.499
31,187,14.081
98,70,3.317
28,114,3.752
109,56,3.079
59,40,10.307
30,81,10.207
51,217,2.874
108,70,3.293
50,70,30.565
69,25,4.334
101,12,12.454
73,13,3.053
41,157,5.098
128,196,5.277
17,72,3.535
143,31,1.949
44,105,8.594
3,133,3.326
209,6,4.517
157,90,21.567
200,3,19.572
112,211,9.628
181,81,3.035
190,74,3.742
107,196,3.213
190,221,3.685
111,133,4.858
3,177,2.389
169,164,3.457
59,6,13.562
191,1,3.708
193,172,4.116
33,83,4.679
210,23,14.951
199,68,9.011
103,40,5.499
51,106,8.582
182,157,21.297
157,56,4.055
158,225,7.998
50,164,7.631
76,44,2.262
62,221,3.486
35,133,7.942
31,11,8.2
100,128,3.652
17,66,9.433
77,3,1.707
9,29,91.596
59,72,11.515
186,197,4.115
154,1,76.744
3,59,64.54
154,23,6.28
28,174,10.065
16,154,14.854
34,150,5.895
138,116,3.795
44,174,10.472
100,72,2.58
44,179,11.075
51,94,2.964
161,96,6.568
3,58,43.031
33,2,3.312
209,50,10.046
9,212,4.405
31,194,22.902
109,157,3.543
100,204,3.687
37,114,6.811
212,169,4.402
207,29,3.745
77,90,9.614
92,23,11.231
153,162,9.112
61,1,2.461
224,23,16.038
36,70,7.413
84,1,2.166
3,43,58.463
74,73,5.504
3,10,7.002
17,190,2.308
156,8,5.815
194,1,2.146
40,82,12.281
3,119,20.485
38,5,3.369
62,190,7.899
3,87,37.152
51,44,34.072
5,185,6.361
202,10,4.684
106,167,20.736
68,56,9.766
104,101,3.022
163,54,11.452
31,230,7.454
231,98,3.898
72,154,6.267
153,5,52.458
97,133,3.172
81,165,11.936
86,1,22.317
5,106,11.949
190,12,8.457
118,106,4.961
34,126,7.341
5,126,15.539
3,229,24.078
147,225,15.176
5,24,20.774
1,81,22.674
156,84,3.645
36,69,14.619
62,91,6.921
103,65,3.406
117,40,4.947
50,216,15.751
72,129,5.663
66,76,4.765
111,66,7.2
1,43,44.917
128,41,3.207
7,107,9.554
5,64,3.332
86,68,13.058
7,5,72.999
103,16,4.004
57,71,3.982
62,23,26.496
82,3,6.11
134,22,2.395
74,23,3.633
72,81,7.46
46,68,22.614
77,68,7.821
231,31,2.101
148,44,12.054
139,109,4.588
72,124,49.459
157,30,3.211
33,27,4.777
108,7,2.703
59,81,7.884
51,89,3.37
1,89,7.135
45,211,4.999
228,39,5.262
197,68,5.843
193,28,9.625
5,179,44.766
105,107,3.582
3,128,29.137
3,109,30.145
222,134,2.875
73,1,8.0
91,196,4.666
170,59,4.26
160,211,4.825
73,204,4.662
192,157,3.414
80,71,2.734
42,133,5.589
47,102,3.463
78,44,5.802
92,38,3.088
157,93,4.984
38,41,32.948
112,157,3.411
108,185,4.09
77,92,9.807
71,29,3.457
31,93,9.149
166,33,3.321
73,85,3.875
125,126,2.49
171,29,7.225
143,216,5.837
89,68,2.985
68,220,3.219
17,152,5.202
69,180,8.252
25,57,25.727
3,144,12.826
5,228,3.936
10,40,2.806
78,126,3.489
92,44,16.742
191,87,8.765
111,99,4.168
125,106,16.045
34,64,4.15
45,14,5.285
11,68,3.348
75,5,8.938
62,13,5.992
42,212,5.155
77,133,6.669
44,39,6.526
16,11,13.226
156,66,5.238
215,56,4.226
106,70,8.623
80,169,2.888
163,31,18.384
95,54,7.126
82,204,4.286
151,7,10.713
74,99,4.75
3,20,3.251
3,69,36.286
190,134,3.379
58,185,3.769
104,50,5.662
140,148,17.578
16,60,13.653
124,31,3.595
205,105,4.448
205,91,3.393
51,116,3.106
153,96,4.282
19,190,4.607
89,164,5.155
17,44,24.092
62,36,2.198
31,176,12.979
149,137,4.559
151,154,2.894
62,174,20.629
66,57,4.039
10,169,6.466
96,99,7.863
28,172,25.333
107,41,28.549
72,82,3.88
167,68,17.383
28,154,2.938
31,185,3.641
219,41,6.684
161,122,5.998
28,199,1.947
57,58,6.837
15,25,3.213
109,107,3.572
161,169,4.799
51,38,4.271
195,56,18.844
158,50,36.717
59,5,26.238
76,179,21.685
36,152,5.341
102,41,3.377
72,73,6.585
22,44,4.012
8,11,4.464
26,121,8.791
31,219,7.933
51,157,8.29
31,157,44.293
116,68,17.935
40,147,10.469
108,72,9.52
10,5,2.326
150,146,4.224
104,47,66.068
180,27,3.712
3,35,13.16
110,5,2.987
90,1,14.492
110,12,3.347
62,105,9.822
23,99,51.595
109,5,17.032
22,81,18.095
190,50,19.914
166,177,13.588
147,1,15.523
105,44,12.291
63,220,5.837
44,207,11.05
1,80,13.251
166,137,7.063
3,76,21.793
163,47,8.192
166,141,5.321
31,16,55.25
31,232,7.603
31,146,29.259
62,31,47.672
151,59,11.268
126,21,3.906
149,25,3.582
117,69,11.417
45,157,3.513
10,154,3.697
77,109,3.291
10,44,13.922
31,42,12.471
50,185,25.955
7,87,3.49
18,145,19.256
201,68,3.174
41,13,6.552
40,12,16.922
9,116,7.579
48,50,5.313
97,90,6.254
211,44,2.424
3,201,14.15
31,87,9.284
40,196,8.469
62,53,3.962
31,131,9.411
158,68,40.639
150,37,3.935
106,155,3.394
62,8,4.26
36,121,2.973
50,83,10.624
209,61,4.564
3,203,14.125
28,38,2.562
100,47,6.695
125,59,3.684
221,91,4.008
169,157,2.818
181,160,5.83
19,228,3.302
74,115,3.585
181,116,5.872
72,216,3.794
210,107,5.997
7,233,7.907
2,137,15.121
181,37,3.554
62,96,5.951
77,40,5.48
129,107,6.191
144,68,8.503
103,42,4.389
52,44,15.699
31,225,7.557
31,84,7.202
103,19,8.696
135,234,4.209
219,220,4.604
38,20,3.087
193,41,2.964
20,169,12.387
205,44,2.975
134,91,7.214
166,50,30.457
31,137,9.843
181,98,5.445
28,80,2.404
190,58,5.502
190,106,3.167
194,126,4.307
171,44,2.475
210,131,5.554
226,41,3.27
3,194,2.03
38,55,6.423
44,99,9.021
110,209,4.542
51,12,5.71
23,225,7.181
59,71,9.68
86,57,4.819
145,169,3.399
75,143,5.341
50,107,16.642
113,107,2.134
108,57,20.241
74,28,6.329
100,235,8.805
23,1,4.493
161,174,12.219
62,92,4.333
43,69,4.622
55,155,9.214
51,10,5.294
9,18,12.135
44,146,15.166
59,185,6.127
88,71,7.708
65,99,51.934
197,211,5.913
207,12,14.46
74,53,10.47
40,221,4.437
9,161,4.298
126,12,2.697
108,82,8.711
134,3,14.684
107,157,9.249
75,55,4.222
189,12,5.144
162,96,21.901
36,99,8.045
85,39,20.721
146,211,4.409
228,145,14.941
138,44,3.065
67,50,5.3
170,42,4.84
140,33,4.495
18,27,15.531
3,63,7.602
5,12,26.72
182,128,4.147
122,1,6.74
97,59,3.561
232,169,6.923
104,157,23.634
31,66,27.476
59,236,4.026
75,31,4.16
150,152,7.099
72,146,3.134
78,179,7.495
51,93,4.091
224,47,4.422
9,138,3.226
31,211,36.976
123,189,8.442
199,27,6.718
163,194,4.402
6,58,6.248
62,50,61.27
23,41,50.921
59,99,3.543
128,29,7.915
97,228,8.622
113,31,1.772
166,90,5.984
70,68,11.546
176,107,4.076
32,94,3.385
3,192,10.652
39,93,4.317
3,220,2.87
53,44,3.241
72,43,10.374
31,12,34.461
35,32,7.396
37,4,3.517
32,116,3.605
139,165,6.38
44,157,25.02
17,131,8.372
55,52,3.398
193,107,24.513
72,50,93.113
44,20,6.582
5,41,10.454
15,98,3.779
108,130,9.095
176,182,3.945
7,116,12.876
19,107,3.213
31,209,19.908
51,69,14.49
3,185,27.651
181,101,3.547
34,213,7.956
7,41,10.22
156,50,18.781
221,41,10.228
20,50,2.768
34,62,14.751
109,201,8.962
37,106,7.038
47,129,4.721
108,33,3.863
113,81,5.594
116,70,8.935
151,12,3.271
44,71,38.238
147,44,15.131
69,71,3.056
65,226,3.816
41,54,2.825
150,14,3.552
81,164,3.251
97,121,6.027
41,185,4.584
38,50,9.077
113,5,3.875
46,107,25.775
73,56,9.012
157,178,3.982
237,50,5.719
147,91,14.527
32,106,6.756
161,91,2.478
150,8,4.268
4,12,6.236
200,1,20.517
53,81,34.742
25,137,19.739
33,126,4.195
207,190,3.504
140,5,3.876
12,71,6.171
7,124,5.67
32,13,2.737
154,82,7.613
184,16,9.453
1,28,8.097
38,227,4.865
142,70,5.427
33,44,32.736
77,129,7.234
47,194,3.619
165,50,6.805
7,101,10.921
151,11,4.221
149,68,4.185
238,102,5.549
14,149,5.098
102,54,3.675
44,57,6.433
69,39,5.813
38,126,3.583
59,44,11.795
44,129,11.001
193,226,4.443
51,176,4.596
210,1,1.983
72,217,3.241
188,33,10.223
132,188,67.138
51,180,2.13
72,20,8.041
68,83,20.856
182,89,5.531
78,69,3.713
19,145,3.211
66,91,3.918
44,233,4.346
176,50,3.012
125,3,26.36
5,70,23.08
14,137,5.285
43,155,3.667
78,3,13.487
121,50,30.269
106,53,5.242
44,162,6.898
62,126,2.609
140,124,3.803
26,149,5.1
121,43,8.391
32,31,6.741
1,213,14.435
51,29,38.498
61,66,6.028
108,43,6.449
197,157,9.068
52,111,24.111
104,169,2.233
85,71,7.768
31,25,19.145
108,40,14.236
25,80,3.589
19,44,12.752
210,98,2.884
103,8,4.143
88,38,13.186
9,171,25.433
75,66,10.07
59,223,3.749
5,216,8.571
1,205,5.328
62,160,7.776
44,211,4.065
50,137,18.722
67,126,3.976
17,57,9.353
40,33,5.469
153,43,4.419
50,86,2.425
66,145,3.58
9,58,4.105
31,58,10.841
160,56,5.645
200,74,3.951
225,31,21.513
77,50,1.772
4,50,10.601
7,96,3.488
26,14,3.498
100,157,6.708
224,104,11.18
108,17,4.27
74,7,3.983
158,53,4.044
17,40,11.372
74,196,6.023
62,70,7.747
59,154,3.218
19,167,4.722
181,100,5.268
97,5,4.229
175,12,2.908
3,12,92.733
215,41,3.255
51,54,9.828
75,72,31.681
31,44,117.951
92,102,6.973
209,223,7.569
136,50,6.219
40,134,14.528
7,4,3.165
9,228,3.682
69,116,5.251
25,29,6.353
161,25,3.932
72,208,3.429
35,55,3.248
166,32,2.987
50,41,77.288
74,107,10.542
197,154,4.212
166,31,21.187
194,215,4.961
9,127,7.586
222,99,3.357
154,28,2.599
62,33,3.598
113,50,9.776
38,43,17.278
62,47,4.007
51,137,3.23
145,68,7.097
158,210,13.05
90,176,49.426
110,36,5.552
148,50,5.928
88,111,8.164
76,68,3.986
30,3,2.407
165,208,5.033
5,239,2.662
235,155,4.537
112,23,3.983
50,58,25.92
31,88,14.328
1,82,36.022
28,120,10.689
123,25,6.02
88,44,12.562
31,56,53.136
115,57,11.006
169,12,2.63
208,91,4.637
53,107,15.531
5,121,21.39
178,107,3.725
193,126,3.658
91,157,4.333
34,37,3.396
136,68,3.487
65,221,55.901
168,25,3.494
31,86,14.418
151,69,14.726
72,66,9.906
186,68,3.094
97,236,4.699
198,160,5.22
115,50,20.865
44,220,2.544
31,238,3.99
28,81,95.858
219,90,5.843
17,174,16.333
166,181,7.632
34,57,15.358
80,56,3.321
103,59,7.452
103,45,3.799
35,64,4.219
3,38,11.562
9,35,4.709
98,68,2.02
9,80,5.813
28,206,7.42
17,141,3.871
140,73,4.093
98,16,11.956
239,57,3.702
120,70,16.627
74,11,5.58
58,187,5.074
28,204,6.575
4,41,8.25
172,91,4.317
83,144,9.201
44,55,5.835
59,87,7.724
10,50,5.167
92,1,7.848
59,228,2.852
38,176,5.289
28,19,11.311
171,72,7.008
101,87,10.056
82,41,12.187
92,3,16.092
166,5,20.036
62,177,8.511
82,106,13.09
55,50,32.014
128,68,12.681
98,116,7.83
31,152,21.274
1,204,2.686
40,126,2.654
9,45,4.335
112,111,17.186
154,176,4.063
109,24,6.745
134,226,3.883
65,23,51.842
26,85,7.759
103,51,5.906
166,13,5.619
75,164,4.367
9,153,44.399
197,44,18.101
64,54,3.681
80,87,3.939
33,107,7.874
57,80,2.875
44,176,6.36
104,5,3.519
90,154,5.663
103,66,8.75
50,81,32.872
26,71,2.8
31,168,3.399
171,28,25.835
8,169,8.963
17,43,4.292
24,50,19.683
224,62,5.47
19,73,3.355
128,169,8.92
26,189,4.357
31,201,5.434
64,90,3.354
79,31,4.207
25,4,7.041
207,1,6.575
7,76,6.342
38,68,14.045
231,33,4.59
3,42,18.803
151,44,2.242
97,44,10.747
128,188,10.129
44,201,2.675
74,18,11.147
34,36,5.76
195,55,2.939
207,50,6.415
15,38,3.626
166,43,9.261
62,90,15.591
78,106,3.308
69,32,5.619
151,5,6.487
181,67,4.368
123,72,5.47
69,1,19.508
197,119,6.643
104,132,13.116
48,190,2.801
158,169,11.801
18,33,7.456
163,66,4.572
72,4,4.929
45,2,5.232
170,129,4.822
161,1,3.579
38,221,3.659
147,74,3.897
139,119,4.45
79,70,8.057
166,111,3.65
3,83,19.496
166,36,4.658
44,102,14.284
150,168,13.994
203,68,2.116
50,73,7.59
62,59,21.367
176,213,6.391
197,50,6.503
62,12,10.07
91,68,5.86
3,213,19.076
30,107,13.006
7,60,4.735
10,80,4.027
134,59,18.92
49,121,16.541
1,7,5.853
217,50,8.741
1,208,7.479
20,68,2.816
128,52,5.377
81,68,31.35
147,76,13.962
88,20,4.208
38,201,14.935
1,25,107.064
123,85,17.149
5,107,14.864
26,168,3.811
68,185,6.636
37,12,11.968
222,71,7.399
33,194,5.696
193,225,3.664
33,61,4.479
72,45,3.083
40,169,11.272
3,170,11.938
197,85,10.334
51,28,23.523
225,13,3.321
132,90,12.06
50,119,12.045
55,12,3.969
219,7,3.511
26,236,5.081
50,172,7.82
51,152,2.594
31,190,5.344
148,66,3.952
104,40,13.453
16,87,11.995
188,169,28.868
72,164,3.731
84,50,2.11
31,95,18.096
125,228,23.087
206,3,2.5
104,33,8.116
218,143,6.254
7,162,3.564
209,1,10.306
65,126,3.083
209,107,3.092
113,147,2.236
31,85,8.698
189,87,5.257
69,101,7.927
26,51,3.086
106,39,5.128
182,41,21.988
151,38,7.752
7,57,2.209
40,164,2.31
205,92,9.42
85,50,4.825
44,68,76.119
103,209,4.661
100,211,6.403
51,154,5.099
57,70,4.413
181,179,6.654
26,17,5.129
172,159,4.013
109,46,4.63
125,19,3.302
5,85,10.057
77,209,6.561
134,107,48.982
3,216,16.816
69,70,22.905
154,179,5.575
129,188,6.872
103,50,31.294
28,141,3.233
59,29,11.953
9,44,6.749
41,44,18.229
23,76,15.874
75,216,10.77
50,226,2.792
182,44,11.153
33,102,6.303
181,153,5.416
208,68,3.263
44,46,2.731
166,135,4.32
135,118,6.37
94,68,3.219
1,63,3.701
130,1,20.456
147,153,2.926
9,128,6.373
108,153,3.436
62,118,4.666
5,43,27.439
31,112,5.601
34,76,3.904
198,33,29.299
144,1,2.709
31,216,6.32
171,115,3.926
7,12,81.632
42,68,5.969
33,228,5.82
146,176,5.547
38,66,13.589
90,179,6.809
108,106,7.356
161,39,5.111
219,1,14.215
26,228,4.972
24,12,16.915
120,99,9.193
102,111,3.281
190,39,4.646
31,19,9.07
1,87,11.567
26,7,6.005
181,169,8.08
36,41,6.694
1,185,23.509
175,51,2.874
124,50,8.351
5,1,238.357
177,87,4.93
44,73,14.657
5,39,9.763
166,139,4.31
75,88,10.892
197,43,7.511
190,71,4.65
51,56,45.398
41,87,4.008
38,169,11.659
62,161,19.153
226,50,2.617
75,41,2.644
69,239,3.062
98,141,5.264
55,23,2.682
176,100,4.252
72,25,9.695
7,35,9.487
32,41,3.19
28,150,2.143
52,91,11.78
31,109,9.881
31,69,53.366
228,1,3.551
55,169,2.361
50,72,1.859
77,211,4.118
225,91,7.618
103,1,28.893
170,45,5.538
134,199,2.292
25,76,3.725
7,11,12.078
31,228,18.765
10,1,5.292
151,72,3.189
80,41,6.456
238,71,10.319
62,16,11.747
51,58,3.39
119,187,3.897
74,33,4.126
59,152,3.829
121,12,14.285
113,44,6.021
55,19,3.569
82,174,26.175
35,1,7.469
3,55,34.786
17,25,5.088
225,157,7.299
115,41,4.584
32,204,4.186
134,117,6.012
31,189,3.809
150,95,4.513
51,235,3.982
3,176,2.917
50,63,7.816
26,28,6.009
62,107,16.35
81,169,4.132
107,169,14.426
166,105,4.084
33,174,4.631
166,149,3.77
1,92,2.413
3,191,10.072
150,1,10.972
156,49,3.652
34,68,9.134
72,44,17.963
147,65,2.852
5,8,7.467
51,81,3.129
36,189,4.499
40,190,7.786
7,72,136.161
146,169,3.457
9,154,12.426
159,221,6.157
86,55,8.019
103,25,7.141
38,107,2.836
62,28,27.285
147,59,8.341
18,208,4.852
7,79,3.404
16,189,4.872
31,234,2.947
147,31,66.754
150,111,4.036
7,13,2.427
175,217,3.627
64,68,13.761
40,2,6.143
134,109,4.324
145,29,3.451
57,50,131.39
76,12,3.095
50,21,16.807
4,43,5.53
216,107,4.949
49,154,3.115
128,99,5.544
34,55,8.121
28,90,1.938
108,86,16.094
117,25,5.836
48,57,4.304
179,44,4.513
224,157,5.24
106,169,8.903
1,56,11.075
5,40,12.084
139,91,3.208
34,121,120.232
101,106,22.296
50,61,2.239
44,169,57.332
153,29,46.172
213,68,3.092
28,35,7.722
28,5,26.851
124,63,4.601
180,12,3.452
1,4,10.871
159,91,5.703
73,29,2.497
205,61,4.077
217,12,6.746
17,117,2.432
2,68,14.822
51,120,7.506
161,213,6.589
85,2,3.46
9,25,47.009
37,50,20.714
44,101,13.101
210,119,5.117
88,66,8.707
5,71,6.546
31,59,53.403
16,121,11.061
77,146,3.915
85,1,3.219
192,50,6.278
176,169,3.254
151,185,5.074
7,168,3.302
197,56,2.352
36,40,7.735
132,111,3.344
182,106,7.43
49,57,11.91
103,152,4.312
142,13,3.457
74,81,7.795
151,145,4.129
7,29,129.003
62,112,3.078
219,83,7.408
50,188,1.545
224,190,6.259
150,169,18.888
3,126,53.475
51,50,47.751
66,106,13.596
50,5,3.541
79,152,4.282
69,27,3.096
31,172,14.234
7,52,4.123
28,138,3.022
139,208,4.69
227,50,20.788
7,182,3.055
134,41,9.767
166,7,8.036
155,68,3.862
38,174,3.443
149,1,12.951
95,68,8.79
197,238,5.207
5,101,2.57
62,138,4.507
27,208,5.132
146,82,4.045
28,116,11.192
35,101,7.567
111,61,4.617
197,29,3.519
72,188,3.417
8,12,3.514
48,155,21.021
34,109,3.464
140,68,10.904
9,86,14.484
138,27,4.674
172,107,13.102
74,43,5.253
202,68,8.522
181,68,25.988
85,68,1.879
7,93,3.317
131,43,4.365
111,164,3.315
217,39,5.639
212,70,3.851
44,124,9.944
9,192,4.134
194,56,14.432
103,188,2.918
9,8,3.364
154,169,2.719
90,86,3.313
59,79,3.462
101,44,3.011
7,71,12.036
5,20,3.131
9,122,4.335
50,80,15.871
97,71,2.967
128,223,5.324
181,1,13.436
209,5,6.276
44,1,59.343
224,169,5.428
208,28,2.876
88,128,3.952
134,98,3.794
49,79,8.547
31,50,119.854
181,92,5.22
96,41,5.444
3,68,249.186
108,1,47.457
75,40,6.788
163,96,4.65
192,145,9.962
76,126,4.984
18,24,14.492
77,55,2.545
130,68,13.003
72,40,11.682
31,13,22.864
73,107,3.359
215,13,3.828
23,153,2.717
14,80,3.92
81,157,10.453
97,1,2.31
108,59,3.411
18,42,8.673
103,111,3.327
166,15,4.31
43,41,9.714
1,86,2.483
9,118,6.148
31,126,18.121
204,68,6.535
38,33,11.515
38,4,4.44
31,57,11.616
15,61,5.343
223,68,3.394
34,79,7.06
95,194,9.323
74,169,3.877
92,39,4.071
209,44,3.588
37,43,19.889
1,172,8.003
50,13,11.509
3,124,31.08
181,197,3.187
141,50,12.907
44,107,12.92
147,107,97.098
3,169,41.211
106,91,2.439
158,65,54.26
135,29,4.564
82,219,6.135
16,29,12.023
75,232,8.939
15,121,3.578
209,161,4.975
57,12,11.864
104,160,3.723
18,38,3.839
180,87,4.953
42,145,3.385
148,5,6.754
3,2,28.774
28,148,3.085
9,137,10.566
153,81,2.786
197,107,1.39
59,45,3.949
16,233,12.146
179,73,5.962
3,36,51.071
110,29,12.462
171,110,3.869
232,38,6.449
3,141,20.235
95,102,12.141
7,99,3.49
1,32,8.528
157,13,7.064
153,124,11.885
49,44,2.463
38,93,3.43
28,210,4.374
135,41,4.421
28,53,15.226
78,35,26.885
40,216,4.314
132,19,3.903
62,4,12.094
106,68,35.316
72,69,8.316
198,169,2.815
98,61,4.125
134,187,6.691
158,28,6.956
85,25,2.82
125,108,4.734
192,126,4.888
59,216,5.406
121,106,3.188
107,133,3.037
9,70,23.049
3,27,32.972
57,114,4.565
239,41,3.382
109,217,4.181
36,25,3.742
130,154,5.139
186,75,6.18
50,133,3.435
171,5,17.507
1,76,19.817
42,169,3.689
128,146,7.658
191,70,8.09
117,5,14.184
82,57,2.72
100,131,11.871
69,85,5.499
75,7,7.296
49,87,3.892
74,40,5.275
198,71,5.533
105,61,4.233
148,126,3.82
3,164,14.995
27,101,6.062
72,157,4.652
157,82,2.889
81,40,7.038
147,154,3.435
125,16,16.891
34,29,3.23
126,71,9.01
9,69,12.151
65,106,2.418
1,137,19.152
34,28,2.292
9,189,4.507
231,179,5.905
50,53,3.706
157,40,6.324
171,116,3.669
31,82,39.062
28,110,5.592
158,91,3.888
94,169,3.544
228,55,7.659
161,121,4.419
36,43,8.603
62,225,5.311
197,40,5.866
41,187,3.322
84,129,4.214
171,180,7.723
65,33,3.303
34,49,7.102
140,169,3.233
35,107,10.992
78,16,3.856
72,128,7.672
166,41,19.175
1,46,29.686
168,14,4.03
62,131,4.843
44,5,21.609
5,55,11.174
166,150,4.039
3,138,10.983
117,106,3.344
9,11,12.691
144,50,12.949
166,12,9.159
196,73,5.777
192,44,5.62
10,14,4.292
112,73,3.683
3,37,22.665
47,101,3.496
31,79,11.161
9,219,3.689
207,66,5.141
37,169,8.111
26,125,5.556
149,82,4.908
98,107,11.001
103,69,7.34
120,106,3.771
9,60,4.957
40,50,62.965
222,129,3.826
62,5,20.057
176,211,5.191
67,179,3.382
182,109,5.343
191,185,5.377
19,1,9.87
139,66,6.459
27,1,10.678
9,114,5.123
31,155,7.703
42,27,5.598
163,162,4.726
41,174,16.416
223,178,7.342
1,189,9.118
30,28,11.103
33,187,4.126
218,55,5.134
28,65,2.003
159,157,5.386
1,11,3.741
28,161,4.455
125,211,4.696
95,169,3.458
74,35,11.629
103,32,6.868
5,236,9.241
205,134,3.37
147,3,14.445
30,23,4.167
202,154,4.151
104,102,22.982
200,128,4.626
175,122,6.585
66,25,13.697
31,101,21.216
3,6,6.945
62,60,3.58
103,77,4.331
9,59,17.09
1,29,47.593
53,23,22.692
97,31,9.869
186,3,31.098
91,164,3.718
40,119,10.482
170,1,8.992
54,107,3.592
26,154,9.063
36,87,3.05
154,208,4.015
72,145,3.346
23,179,13.833
3,122,6.399
181,184,6.996
34,169,8.503
166,51,2.523
22,59,3.385
23,199,2.067
31,72,22.305
28,41,35.412
201,187,4.417
74,5,4.596
176,68,4.348
33,71,3.892
33,35,8.029
207,5,2.915
210,68,5.779
205,31,18.042
165,154,4.595
190,25,5.505
117,191,7.441
175,44,4.071
223,71,6.906
16,58,4.506
127,106,6.537
72,119,4.89
74,177,5.074
59,217,3.427
146,68,6.494
150,36,2.677
44,96,3.223
225,41,8.457
38,23,2.893
176,157,3.834
17,114,5.716
1,58,21.743
109,12,6.545
31,29,17.355
103,126,3.7
28,226,7.058
238,50,6.021
16,40,10.501
150,195,4.668
34,80,3.792
15,234,4.359
31,196,16.693
40,106,2.182
44,83,10.268
44,32,13.6
181,115,3.255
92,5,3.421
141,121,3.89
55,81,2.753
136,55,33.241
18,69,7.935
31,1,82.441
19,5,3.955
209,133,7.156
36,1,41.795
74,68,7.485
31,195,13.94
108,154,7.386
1,79,19.293
18,57,3.803
1,126,42.805
7,6,3.626
123,50,5.121
154,3,22.025
146,101,5.069
62,98,4.113
86,11,5.507
33,179,7.824
9,32,8.004
31,188,15.687
55,68,11.293
49,114,3.868
143,157,5.862
25,126,3.55
38,204,4.086
3,32,12.362
234,106,9.604
25,152,5.939
103,130,7.631
1,116,10.351
140,99,3.718
33,154,2.622
151,16,3.742
10,41,7.953
154,12,6.576
90,211,9.538
34,106,2.966
115,31,5.594
3,93,5.962
75,50,29.696
50,56,23.487
169,71,12.881
28,86,2.937
191,180,5.365
7,25,47.641
62,3,81.745
120,68,4.584
68,71,6.305
62,56,14.754
68,12,6.867
139,1,15.632
16,27,8.87
30,116,3.507
125,31,22.836
144,5,14.401
25,119,7.745
31,80,9.489
218,68,12.175
31,207,7.958
9,42,34.394
237,109,4.559
92,169,9.263
31,128,7.602
107,199,2.099
100,3,10.273
62,88,10.803
28,185,6.168
62,141,16.354
226,81,10.971
205,211,4.439
148,169,3.319
77,182,3.568
197,234,8.666
31,199,1.738
42,41,4.219
129,211,4.12
51,227,15.407
31,8,20.302
199,144,8.687
108,155,5.343
31,154,27.631
103,31,11.037
25,185,4.949
239,50,13.178
10,38,5.447
181,213,12.017
42,228,6.753
31,53,18.041
26,155,3.64
31,90,65.633
125,6,4.793
109,43,3.986
82,73,3.425
92,172,5.324
234,72,2.811
51,2,3.748
125,57,3.715
66,13,4.863
210,196,5.152
154,211,4.164
9,5,61.587
28,149,2.876
150,44,3.613
15,66,5.699
206,50,2.571
110,43,8.987
7,155,5.119
188,41,29.704
23,66,5.847
181,43,2.747
9,186,11.966
45,1,12.648
68,169,11.806
104,1,5.844
44,70,10.121
203,1,8.521
129,159,3.717
51,179,3.956
7,43,3.929
74,12,4.392
192,5,8.507
73,50,10.362
147,50,24.711
34,84,12.992
26,82,7.854
156,57,13.319
9,74,4.205
33,57,6.29
202,196,5.611
51,124,3.063
7,144,8.851
123,29,5.621
31,67,20.545
211,81,2.671
3,226,2.549
36,157,6.241
104,80,3.443
1,16,2.273
53,73,5.392
180,57,12.808
151,115,3.903
48,180,2.823
112,68,9.006
79,91,2.905
50,126,50.632
115,13,3.327
19,154,2.964
3,61,4.486
28,230,3.113
40,28,12.147
166,69,4.364
3,101,9.798
177,121,3.885
36,50,43.659
17,106,6.671
109,66,3.563
44,93,6.391
27,87,48.253
92,7,6.689
74,87,15.521
7,111,3.336
73,90,3.114
72,13,5.097
28,111,9.96
186,126,3.177
33,119,3.504
164,1,10.398
1,187,19.96
45,23,4.309
26,126,3.781
147,28,61.478
18,16,28.209
236,1,2.775
147,126,5.709
9,2,12.895
191,37,22.511
51,55,7.827
28,112,4.328
165,35,7.015
16,68,11.704
129,68,3.286
100,155,3.944
103,12,3.809
31,35,3.99
8,43,10.242
45,13,3.786
40,226,3.386
181,185,4.586
90,105,3.896
9,162,3.749
31,52,8.055
59,190,17.625
171,42,4.503
34,44,12.603
157,102,3.578
31,119,10.597
164,106,2.573
49,1,17.665
8,1,20.478
3,161,7.14
165,68,8.495
214,35,8.062
163,102,8.13
72,5,123.083
121,39,3.572
1,219,15.347
33,41,6.132
1,74,7.828
120,58,5.421
64,145,3.81
40,23,18.677
44,160,4.681
75,154,4.12
72,93,3.306
161,44,7.086
35,179,5.985
119,63,6.377
77,54,5.338
40,42,8.831
85,32,4.093
73,174,11.951
208,106,2.831
68,99,38.626
50,93,6.149
5,212,5.053
203,12,5.924
34,1,52.615
52,223,5.815
197,225,2.62
225,172,5.234
28,134,20.324
3,115,20.798
28,84,3.256
165,5,10.137
30,169,2.49
158,10,12.696
23,40,11.061
184,50,16.981
73,61,4.24
113,134,2.326
40,69,6.11
147,53,11.269
52,99,4.955
156,37,12.659
134,68,3.132
88,157,3.428
37,41,2.887
218,89,5.091
67,31,2.195
103,13,2.715
3,66,55.997
9,108,2.874
81,107,6.368
37,185,4.978
204,41,3.834
181,75,13.083
23,81,280.568
3,44,90.91
51,167,3.82
161,146,4.999
50,213,19.708
228,41,27.98
147,223,4.548
210,53,4.626
33,236,3.315
1,128,24.709
31,180,3.538
3,114,4.063
9,68,25.52
19,50,9.642
108,69,15.219
62,104,7.265
104,21,3.625
7,55,52.653
68,157,2.444
9,134,15.127
66,116,8.375
59,115,3.829
141,70,3.88
6,185,4.939
7,14,7.03
17,58,24.199
77,38,23.264
14,37,3.558
193,81,11.778
181,28,5.502
3,195,2.101
173,1,7.311
153,68,6.293
42,154,3.103
7,17,7.027
219,164,4.094
129,81,2.654
182,82,4.481
103,72,5.023
163,33,3.488
1,12,42.427
117,42,5.427
9,96,3.673
5,29,112.789
158,38,3.539
135,7,4.05
224,31,14.347
57,43,8.964
194,67,12.151
50,211,11.548
26,12,3.402
50,114,3.492
50,44,4.298
5,116,8.171
3,64,6.569
136,228,4.674
90,116,4.342
115,46,4.362
1,57,123.291
75,70,3.283
180,44,13.626
1,220,3.021
110,7,13.746
19,81,7.345
78,7,10.216
62,124,8.453
7,70,27.203
175,82,5.166
24,64,11.764
72,71,3.336
43,68,7.609
109,71,4.885
49,80,8.711
5,145,24.745
129,172,3.422
127,12,4.513
104,95,10.867
149,80,4.059
125,55,7.659
147,66,6.339
72,32,11.386
224,13,5.965
59,25,75.278
59,58,9.287
150,39,3.454
134,17,3.268
177,169,5.468
73,32,3.991
195,44,2.898
182,160,6.814
3,91,2.762
36,141,5.739
35,50,7.274
181,39,2.45
157,41,17.515
147,134,21.024
153,58,3.582
31,133,12.4
31,138,11.69
209,23,6.604
168,85,3.937
59,1,25.299
82,80,2.709
182,112,3.506
100,107,4.612
97,23,4.708
51,100,3.39
33,24,9.69
204,116,4.201
109,40,2.461
36,174,4.093
36,213,3.872
219,50,29.562
203,126,19.654
108,109,10.028
16,70,12.072
218,3,14.386
28,102,3.174
80,61,3.196
110,40,6.171
198,211,4.605
19,12,4.033
120,190,5.998
148,68,3.106
28,126,8.958
19,188,3.488
77,44,13.871
31,3,155.913
229,29,35.927
72,39,5.756
73,157,9.226
1,72,1.932
17,73,4.107
181,8,3.873
147,99,11.568
38,67,10.579
5,169,13.223
9,169,2.938
151,29,3.294
28,31,105.68
17,68,5.311
32,67,4.887
69,58,2.198
68,29,5.419
34,4,7.412
205,50,5.204
7,40,15.973
3,11,13.398
59,198,9.141
154,9,3.868
50,12,44.812
210,190,5.298
32,96,5.487
95,106,2.694
72,55,15.277
107,91,30.593
19,69,8.088
145,25,22.301
69,107,4.334
4,93,4.248
81,35,5.095
104,3,10.459
7,152,5.581
28,85,4.808
142,25,14.084
14,2,4.929
33,101,2.951
94,71,5.206
188,58,2.538
125,145,9.861
108,210,2.606
38,56,29.667
104,96,9.83
12,16,2.942
125,83,4.826
31,221,2.689
59,16,68.442
217,57,4.366
88,53,3.829
48,5,2.888
171,16,33.739
5,32,8.318
155,70,3.544
3,139,23.649
147,111,3.811
26,169,3.544
126,179,3.715
7,122,4.123
147,157,11.03
202,66,4.864
64,37,3.605
55,216,4.717
125,72,3.808
3,190,32.605
108,73,3.737
13,133,3.302
166,151,2.994
92,68,5.537
161,56,3.465
218,66,6.163
19,157,4.015
97,41,3.828
157,55,4.568
181,83,3.578
197,41,8.266
184,57,18.181
84,87,6.083
205,107,20.084
64,132,3.784
25,12,33.345
206,61,3.321
158,99,49.077
151,49,3.267
45,137,5.588
125,42,3.489
169,99,5.178
151,41,2.961
24,145,5.645
42,50,7.732
1,13,9.69
88,90,25.044
141,43,10.361
109,57,9.96
118,50,2.931
82,178,5.166
181,25,11.363
166,14,3.934
103,167,4.743
115,25,3.712
78,76,3.325
36,55,4.722
7,184,5.163
28,61,32.163
31,7,69.236
1,21,17.165
102,68,5.519
40,81,9.885
62,155,5.881
175,161,21.839
19,179,4.987
1,31,21.594
146,41,3.416
198,146,20.753
62,234,6.438
95,50,6.459
175,50,2.328
132,71,11.521
50,116,14.198
67,102,11.849
75,12,3.134
169,93,4.783
233,41,5.175
209,16,3.624
154,50,94.103
134,192,11.529
9,12,63.631
225,111,4.553
40,3,9.36
165,169,5.165
232,201,3.816
51,67,16.41
49,3,19.285
9,217,3.689
33,80,3.663
75,182,9.265
78,62,3.11
205,23,7.402
100,108,10.358
134,40,2.842
100,238,7.638
91,99,2.176
1,133,3.522
59,70,26.391
33,117,4.692
236,50,2.717
26,66,3.294
79,25,3.822
116,107,4.832
31,118,6.924
80,211,3.285
140,1,9.548
28,13,2.459
168,44,5.382
198,157,5.261
44,66,16.565
232,89,6.238
134,129,16.906
218,199,16.133
144,116,6.288
40,66,4.671
61,71,6.866
51,7,12.597
5,57,31.334
107,68,25.784
234,100,3.547
166,3,35.444
170,80,4.132
147,205,3.23
140,19,5.317
186,161,4.831
134,16,10.712
3,174,2.749
186,82,3.723
66,190,4.711
11,41,7.012
62,184,9.078
62,93,8.042
219,68,23.321
33,54,6.045
79,76,5.087
25,50,115.708
59,137,7.291
26,50,27.784
110,141,6.215
40,43,6.244
186,50,4.789
209,79,19.364
221,99,50.607
77,51,2.446
33,25,7.756
143,50,6.558
162,99,4.682
95,101,3.009
125,7,13.883
225,107,26.558
3,107,21.335
50,157,2.18
31,129,11.077
65,211,4.476
230,111,28.726
31,81,82.27
28,6,12.384
1,190,17.346
158,41,12.675
44,58,4.707
40,68,39.723
113,216,2.634
162,41,9.263
44,42,6.876
205,81,3.09
36,149,4.797
43,107,3.044
31,10,2.25
9,75,7.738
40,29,2.403
51,169,2.492
50,16,2.206
115,76,3.731
193,31,27.858
176,232,4.505
171,31,26.022
31,144,6.942
5,164,4.057
207,25,46.122
62,49,7.726
223,81,4.355
66,29,10.259
196,66,3.46
171,58,11.388
53,68,7.154
126,119,6.033
147,226,7.227
186,124,34.384
62,169,6.887
100,232,4.397
40,56,10.504
62,74,4.057
204,71,3.342
177,8,4.228
111,63,3.277
181,46,3.21
27,119,10.59
33,81,7.937
28,223,3.503
42,12,34.258
120,6,5.058
77,102,10.452
103,121,5.7
25,39,4.426
46,57,18.867
44,165,3.744
59,91,2.002
30,1,5.068
181,5,16.686
54,32,11.542
31,2,7.554
108,11,4.088
23,68,62.338
111,73,3.195
62,32,9.575
103,62,5.796
38,47,3.396
74,3,23.651
108,114,14.867
9,126,2.968
201,1,14.907
17,115,3.188
129,133,18.131
44,178,6.797
208,211,3.611
20,131,4.946
75,174,3.609
18,68,10.474
7,179,3.166
192,43,9.822
175,31,16.817
125,44,7.558
3,157,22.643
201,41,7.511
103,36,3.22
34,152,11.159
36,44,5.858
111,107,12.088
51,43,7.002
7,154,14.329
195,223,11.71
44,29,11.798
102,56,14.802
132,105,5.815
92,67,22.322
72,153,44.721
104,7,2.317
113,213,5.455
104,162,22.462
101,119,6.023
1,157,2.246
16,141,4.667
34,136,4.436
35,68,7.452
180,5,8.476
31,27,7.277
154,57,5.992
75,44,10.74
154,35,5.551
180,58,7.687
216,29,3.904
182,95,4.166
106,56,3.653
134,207,6.107
199,1,6.05
34,5,44.985
31,98,7.497
15,3,5.071
80,44,6.885
82,116,2.724
184,12,7.836
188,13,7.978
44,61,18.945
100,1,2.208
120,155,4.136
103,37,3.81
231,82,6.861
9,3,137.308
84,44,3.044
37,57,3.833
225,134,7.87
65,157,3.496
16,120,4.953
123,1,5.237
140,3,16.085
28,98,9.712
51,111,2.755
51,35,6.361
50,196,17.938
182,176,4.983
154,106,14.089
104,53,3.94
44,4,10.107
206,107,13.408
37,145,21.532
65,45,15.407
170,2,11.84
28,12,8.002
3,23,18.105
55,11,4.911
88,169,14.638
166,108,11.488
225,28,21.501
59,184,12.739
90,204,3.168
143,55,13.859
79,71,7.17
72,179,7.141
82,239,7.382
170,169,4.087
72,41,17.099
154,119,7.563
55,229,3.921
215,71,8.242
137,71,3.37
42,1,7.936
108,24,10.257
234,41,40.625
163,132,19.492
65,3,6.94
44,137,6.169
153,50,43.435
58,41,2.701
31,37,49.809
227,56,16.024
15,102,4.626
82,29,4.023
150,40,5.029
28,72,18.888
44,82,27.638
9,125,11.396
147,210,4.111
81,5,3.542
126,169,6.939
28,182,3.822
148,98,9.29
62,211,7.508
31,54,29.651
3,39,19.401
180,184,4.402
28,71,12.819
51,123,9.532
3,98,14.215
26,68,13.622
171,141,5.134
1,106,14.895
210,81,3.934
104,100,5.779
166,57,3.281
122,106,8.171
36,120,9.219
1,196,18.359
59,174,2.487
51,68,13.738
3,182,2.04
129,50,2.11
17,1,90.289
21,68,16.105
224,221,18.33
72,2,16.216
34,42,8.809
3,50,955.817
130,40,15.237
44,228,8.234
40,239,15.984
35,57,5.884
197,89,3.795
34,26,15.461
113,1,9.988
95,146,9.026
31,124,21.809
77,104,10.028
3,89,9.462
134,138,3.819
40,220,4.507
26,107,3.592
53,169,7.538
36,14,4.454
59,68,9.008
3,211,8.301
50,221,38.358
103,26,3.098
33,13,7.73
218,40,4.731
7,137,12.806
221,68,42.289
1,164,4.673
75,128,4.96
43,169,23.537
1,70,30.676
166,72,15.909
172,226,4.443
103,44,7.334
166,28,11.782
175,146,5.527
38,194,3.994
197,72,3.409
108,5,72.824
166,25,6.32
92,160,7.163
205,3,5.047
73,68,16.109
31,40,40.533
62,108,3.297
231,157,6.971
181,57,5.711
107,61,18.102
161,217,5.457
9,200,3.966
160,41,5.064
16,12,102.249
40,55,3.717
7,86,13.752
230,164,12.068
149,185,3.855
74,50,12.911
92,179,3.462
4,56,6.529
151,50,10.45
147,172,9.785
31,114,11.242
52,50,2.521
170,68,12.701
90,21,9.437
69,68,13.65
121,41,11.474
232,44,2.579
72,12,10.453
109,86,10.033
15,169,6.912
7,177,22.471
62,233,5.633
51,83,15.734
108,80,5.869
170,137,12.495
132,33,3.066
114,68,12.174
1,206,2.627
73,121,3.244
92,204,9.016
47,54,60.792
120,12,15.942
9,101,7.386
178,196,4.661
44,80,6.789
138,50,8.606
202,81,8.443
226,82,3.284
17,169,6.098
147,211,2.806
134,70,3.156
219,3,28.083
19,11,5.066
31,43,37.109
157,71,10.782
74,88,4.654
33,37,18.446
216,81,1.992
47,56,16.567
98,82,2.401
59,169,3.108
16,187,8.151
113,126,4.676
166,44,20.993
28,221,7.227
5,190,17.335
180,2,5.965
3,90,19.739
38,195,6.399
198,188,3.56
145,43,16.976
179,56,8.266
62,7,18.326
237,57,11.517
92,155,4.442
102,164,3.587
166,46,4.354
57,107,8.712
7,37,16.12
190,41,8.272
66,233,9.257
104,129,4.745
181,118,3.28
23,56,3.144
3,217,17.96
231,68,8.939
59,157,3.61
5,66,27.931
46,50,29.542
79,239,15.319
144,90,7.115
222,4,3.434
28,36,16.186
74,154,4.038
224,41,15.921
139,179,5.512
51,30,3.06
186,118,13.449
9,129,3.674
78,1,13.549
22,139,3.495
51,108,4.789
27,189,4.524
151,9,3.122
25,169,10.076
157,25,2.433
35,129,4.578
128,50,24.072
69,87,7.776
118,1,2.455
59,57,3.651
9,145,7.848
204,107,7.99
188,126,6.569
40,129,18.544
186,44,3.626
36,201,4.537
13,152,2.946
40,97,2.658
97,225,5.846
51,33,7.607
3,204,2.559
1,121,29.164
84,27,5.923
104,36,3.756
7,150,5.24
143,3,6.387
92,33,3.351
147,190,4.359
58,12,4.292
197,91,1.609
72,8,6.761
81,41,44.745
234,107,3.598
182,17,3.713
127,109,5.121
156,62,3.063
3,111,4.213
23,187,3.482
90,54,170.262
39,56,3.61
90,50,21.387
1,91,2.941
70,152,4.128
3,79,31.487
212,50,3.135
151,1,10.739
3,71,23.54
50,89,13.353
109,25,5.477
115,43,3.792
38,89,9.556
101,189,11.214
171,142,5.792
132,54,10.166
31,5,36.903
44,116,2.134
170,33,4.205
4,68,2.502
147,61,12.438
140,179,4.908
166,70,3.393
117,71,4.911
154,181,3.316
66,43,3.774
3,145,37.566
3,116,20.148
154,219,15.99
154,167,12.225
62,82,11.697
31,108,9.652
62,40,12.231
227,67,8.221
51,23,3.037
31,164,6.852
150,121,6.28
59,121,9.877
31,142,2.956
195,67,5.437
61,178,10.577
3,117,27.439
102,23,2.913
150,164,5.069
200,59,3.43
154,21,4.595
62,100,9.41
73,5,5.582
69,109,8.926
51,40,5.926
181,17,8.351
32,56,27.115
134,1,5.751
108,165,5.627
3,45,15.946
122,169,4.331
111,44,23.594
51,197,10.011
64,179,9.584
207,16,14.12
234,31,3.023
55,28,2.49
62,144,5.325
194,101,3.619
59,120,7.693
1,44,3.999
5,2,6.359
81,154,6.142
47,44,13.118
50,204,2.63
25,68,15.807
49,37,11.446
75,83,3.588
134,169,5.717
150,122,5.208
3,52,2.448
161,131,11.548
2,21,8.268
54,41,8.483
7,138,3.073
100,68,15.573
38,157,12.241
197,232,8.167
17,2,5.543
31,17,8.642
20,1,2.835
18,87,40.038
197,32,3.991
176,90,3.581
7,67,2.982
154,101,3.992
103,207,4.348
42,126,4.93
139,107,20.733
31,132,26.487
181,154,8.025
124,29,51.049
134,88,3.997
180,190,2.487
33,16,27.989
225,23,14.117
31,45,8.353
33,50,30.724
92,119,4.976
172,126,3.658
18,1,5.908
170,50,8.84
38,16,3.391
181,149,5.83
28,93,3.258
157,99,3.273
186,1,4.918
166,1,26.712
77,31,36.061
139,68,25.172
28,179,3.921
62,171,10.43
197,31,18.992
97,28,14.45
195,133,7.61
28,2,5.491
115,58,3.909
110,207,4.844
126,43,3.983
59,66,22.33
7,118,12.875
55,106,4.861
9,37,11.407
153,35,5.447
31,32,10.859
23,169,4.006
26,3,37.266
69,40,2.148
191,109,10.06
62,22,13.217
62,68,32.091
90,101,6.422
82,169,5.683
74,69,5.119
148,33,3.721
181,86,7.761
34,66,7.99
137,68,7.23
161,50,7.384
28,44,55.645
1,174,2.92
174,68,22.063
113,3,10.15
55,189,5.503
181,62,8.838
72,155,24.034
40,154,13.357
23,190,7.059
207,68,4.231
188,19,6.975
51,1,31.097
24,71,4.569
165,93,4.782
181,40,4.205
203,154,2.559
216,23,1.947
31,106,39.231
124,1,4.426
132,169,10.638
54,179,7.518
51,85,3.508
43,71,6.822
23,203,6.464
231,83,4.44
138,109,3.795
33,12,32.573
173,126,8.012
207,233,42.979
16,37,4.429
32,112,2.979
7,59,32.863
82,107,11.614
216,68,2.489
51,17,9.105
69,106,10.493
215,126,4.551
7,217,6.887
9,62,19.655
73,82,12.898
126,68,6.194
40,79,21.333
30,206,21.072
7,187,11.031
190,119,4.749
80,107,8.301
1,83,8.2
44,54,30.313
197,3,2.141
44,41,46.886
72,126,12.684
58,155,3.944
31,208,5.449
62,203,4.607
134,159,3.507
77,101,3.915
1,211,8.721
104,90,239.257
77,223,10.337
51,110,2.879
2,25,3.017
31,191,24.536
7,85,9.508
54,162,4.535
62,238,6.96
166,18,3.702
210,80,6.823
69,43,7.703
212,12,13.213
108,180,3.56
62,80,3.044
57,185,8.796
28,50,75.568
28,201,3.701
134,121,3.286
79,205,3.544
158,13,3.38
7,189,9.04
49,5,3.748
94,41,3.506
182,227,5.627
44,106,32.87
95,90,18.092
215,187,4.65
34,215,3.485
148,157,6.848
17,50,99.139
14,203,6.529
74,1,5.411
88,55,3.57
186,72,40.333
81,190,4.156
66,55,4.174
41,68,56.241
206,81,6.132
75,3,32.91
44,173,6.879
3,30,2.407
117,126,5.214
34,43,21.215
28,187,14.089
37,1,18.808
33,43,2.878
125,5,3.936
236,57,3.504
111,91,11.831
225,66,3.084
97,50,2.254
225,129,4.938
108,44,2.664
73,102,4.044
140,44,10.803
134,188,13.397
36,68,12.293
147,193,7.959
3,167,2.858
59,145,7.129
104,31,39.709
32,101,7.627
54,102,13.519
47,53,4.565
13,29,2.497
138,70,7.471
69,41,3.259
175,28,5.076
15,41,3.383
1,61,2.297
59,12,59.036
7,120,11.664
194,50,2.095
148,1,3.304
159,23,8.371
9,76,3.689
3,56,17.216
59,33,34.485
62,202,4.557
45,5,6.817
10,71,5.533
55,213,5.331
155,41,3.207
208,119,19.792
50,187,21.833
166,59,7.426
50,220,6.561
81,66,6.009
158,215,3.828
139,57,11.858
1,112,22.202
181,85,2.453
31,184,7.002
192,141,5.731
26,119,4.622
182,12,3.269
97,88,3.956
18,44,4.25
81,111,3.618
23,19,7.182
23,226,6.808
33,208,3.744
55,107,7.237
24,1,18.516
225,61,6.952
75,68,14.994
100,50,8.637
50,111,4.376
117,50,17.658
103,153,10.268
176,21,11.232
71,56,4.021
31,107,114.828
148,19,5.112
31,4,8.763
23,154,3.172
31,226,9.544
3,14,16.487
62,81,27.399
173,203,3.16
158,31,4.467
3,150,10.35
209,40,8.623
15,12,3.313
62,43,3.632
108,98,2.507
9,17,4.189
66,40,3.948
3,73,17.867
72,121,4.187
183,68,43.686
134,45,3.144
51,117,2.231
33,70,4.114
44,89,6.279
61,68,6.541
222,31,12.655
72,37,2.976
109,68,11.298
94,232,3.505
77,94,15.534
158,224,27.582
147,33,8.406
134,53,6.682
51,204,3.687
9,124,2.668
109,1,14.106
100,154,3.786
181,38,3.938
148,231,42.533
28,105,3.319
7,114,4.876
161,41,5.037
9,233,8.323
33,66,19.659
28,180,6.127
40,65,2.749
228,154,20.619
110,81,3.83
34,41,9.74
51,182,4.072
3,228,13.52
207,60,10.14
180,25,13.23
31,20,12.193
33,190,4.431
26,41,3.866
3,236,14.832
154,83,12.366
108,187,7.239
36,169,7.58
3,106,23.95
202,3,9.475
31,206,16.145
44,126,11.458
20,29,8.277
163,64,4.206
34,50,55.491
64,41,3.395
148,211,7.344
191,207,3.588
19,16,7.161
117,39,4.872
233,12,17.369
44,50,78.788
33,40,13.632
134,217,3.915
31,33,42.132
2,41,5.156
16,71,6.764
28,106,16.493
62,200,4.01
58,70,11.146
7,121,10.866
208,107,3.129
28,91,26.999
27,217,3.791
7,228,6.574
145,126,4.277
197,160,2.977
50,174,4.768
154,134,3.956
69,57,7.941
56,133,2.344
7,130,8.456
134,233,4.108
169,63,2.969
31,65,17.536
40,124,3.437
33,5,14.873
97,100,3.311
51,71,5.402
151,177,18.385
3,53,3.584
193,98,4.422
86,40,2.588
213,126,4.676
110,1,10.266
9,109,3.868
92,56,37.491
166,164,3.554
172,81,12.417
134,80,8.846
153,61,3.351
98,40,2.308
171,33,3.868
134,19,4.482
194,90,35.523
151,110,4.345
202,91,5.126
28,209,3.484
119,71,4.035
17,5,28.087
57,187,13.208
59,69,7.468
40,70,21.04
101,68,7.795
128,80,11.124
65,44,14.26
184,1,12.127
90,99,3.592
3,165,16.24
7,3,155.404
232,20,3.693
12,29,5.405
171,98,13.214
24,187,4.73
17,70,5.857
166,62,6.565
27,57,3.342
194,68,4.111
110,145,4.502
78,114,4.433
3,121,38.144
228,87,5.059
218,216,12.81
85,41,3.208
44,236,4.101
23,196,21.179
90,55,3.076
108,50,46.106
62,119,4.655
8,145,13.695
172,169,3.33
237,1,5.834
98,50,5.721
40,35,17.919
55,211,2.799
140,98,3.997
223,13,4.198
32,152,2.979
3,41,67.682
3,21,16.355
51,6,4.072
72,42,5.102
128,235,4.201
9,40,10.825
86,43,3.521
10,33,5.288
42,71,4.628
136,31,2.562
9,55,34.927
62,239,4.177
154,164,2.783
68,66,2.288
181,44,22.202
3,29,167.599
28,139,9.915
75,29,15.187
218,50,14.707
181,218,6.853
117,41,4.503
28,1,64.142
95,41,7.125
98,1,1.885
86,50,29.473
9,121,11.542
224,54,11.781
202,23,4.482
182,102,3.837
72,139,4.438
44,12,4.296
197,182,12.707
147,62,23.012
177,27,22.458
49,68,2.539
193,115,3.781
164,35,5.787
51,104,12.044
62,157,5.794
154,133,4.644
161,228,5.08
231,44,6.843
186,27,3.344
3,179,73.011
173,68,2.267
134,25,14.312
81,203,6.607
18,228,14.474
201,174,4.658
28,198,3.132
31,60,6.485
70,185,4.128
103,60,4.977
205,66,5.978
65,101,2.733
170,212,5.553
69,66,3.224
31,239,4.411
73,176,3.832
157,32,3.673
197,71,4.313
166,24,7.54
138,24,5.159
5,82,1.849
121,57,2.803
195,41,7.257
23,90,2.975
186,31,31.472
151,36,13.697
59,155,8.497
31,117,2.545
1,182,2.181
40,73,4.562
164,12,6.676
151,33,3.837
5,37,6.703
51,112,2.594
23,204,5.354
206,169,2.568
75,169,2.987
28,208,7.462
5,208,16.174
151,71,11.299
62,57,2.314
1,39,10.611
62,17,10.273
224,215,6.413
140,157,3.507
106,44,10.917
77,41,12.501
75,111,4.376
158,62,6.251
103,109,4.598
3,8,26.046
157,64,3.731
44,128,8.608
42,70,4.849
1,71,18.38
123,3,5.96
72,144,10.257
44,56,26.673
31,14,6.128
171,17,7.172
164,50,10.139
62,1,46.133
88,33,16.979
155,29,24.795
61,50,2.399
33,90,7.741
28,66,18.439
160,12,4.362
228,217,5.608
69,207,10.043
144,29,10.569
28,45,2.3
211,107,15.596
28,73,6.281
66,50,49.725
167,211,3.551
7,80,5.482
28,108,10.089
40,53,4.696
166,82,3.325
179,81,11.699
181,51,18.103
3,46,35.663
53,221,4.164
81,106,4.575
5,155,3.421
9,14,7.419
75,38,10.868
1,107,17.215
34,16,5.04
118,85,13.092
130,41,6.539
57,87,4.472
34,7,27.477
53,21,6.349
118,109,4.53
33,169,5.853
166,68,20.18
17,217,3.957
212,25,5.043
50,91,2.862
181,89,3.718
55,208,4.724
7,145,11.963
111,211,11.878
51,99,2.977
239,68,6.365
66,24,3.559
210,50,1.938
70,187,9.275
157,234,12.046
15,5,4.886
157,174,3.833
81,196,25.012
4,29,5.08
18,12,12.682
52,169,4.548
205,172,26.471
85,55,3.867
145,50,19.209
5,120,3.545
69,50,24.182
47,40,5.343
163,41,3.35
9,150,5.537
59,233,18.72
134,60,5.436
1,67,2.333
65,1,7.376
108,36,4.192
38,13,4.225
28,3,100.639
173,50,7.159
104,126,2.92
31,102,30.456
43,80,2.95
51,63,5.144
25,41,23.815
100,90,13.808
28,133,9.477
31,130,3.99
7,10,3.317
82,187,3.602
46,43,14.604
209,146,5.045
32,167,4.38
3,24,36.046
5,25,60.543
38,106,17.641
156,31,2.549
157,54,18.588
157,154,3.515
1,239,10.503
36,66,4.521
36,5,9.569
192,68,2.886
155,71,3.382
7,129,3.472
62,37,3.861
158,190,5.331
186,29,41.635
49,177,6.003
79,66,3.007
170,10,4.505
7,38,6.254
166,98,4.337
62,132,3.01
147,216,2.082
24,79,4.137
131,169,3.864
126,44,4.397
41,61,5.527
69,155,3.881
151,191,14.381
41,56,18.577
210,41,11.04
147,159,3.376
31,210,2.387
7,58,3.883
126,81,8.574
173,154,2.71
77,150,4.085
144,82,4.502
11,137,9.117
136,154,4.208
191,71,3.492
44,87,10.866
104,179,11.808
194,54,3.57
51,231,10.365
226,1,2.671
1,52,2.579
15,31,5.467
129,187,7.157
26,233,5.49
211,169,15.552
110,3,19.569
62,44,19.126
53,40,2.818
140,154,5.968
158,40,4.33
7,128,16.92
3,237,10.364
44,217,3.257
106,215,6.202
5,217,3.08
90,102,21.857
175,95,4.895
67,215,4.63
7,73,4.426
104,176,24.541
38,109,10.294
171,66,8.79
112,91,4.222
199,177,6.933
138,5,3.02
5,79,20.987
117,12,5.02
19,82,3.064
182,50,5.241
1,216,16.127
5,58,23.042
171,40,3.148
74,44,15.477
31,160,2.135
44,13,11.481
197,33,4.568
3,207,9.808
3,199,10.5
100,228,11.374
193,61,8.626
49,43,6.143
18,50,5.76
111,157,2.923
77,161,3.702
65,154,4.23
104,44,50.519
98,72,3.358
110,86,4.076
62,115,3.306
166,207,8.506
73,64,4.036
62,128,3.293
66,152,5.053
72,161,7.696
144,41,5.536
125,1,13.75
147,199,2.201
26,62,3.15
7,153,41.908
80,12,3.029
24,87,8.013
85,29,28.168
44,187,3.055
49,106,3.396
181,66,5.018
108,46,20.461
44,25,17.315
140,31,8.668
1,114,3.571
108,204,4.455
3,118,15.262
198,66,15.859
69,82,2.249
18,191,8.924
51,90,13.571
17,185,7.331
62,153,5.745
42,82,4.151
134,141,3.829
191,57,4.859
103,3,30.32
222,132,2.957
9,117,5.414
100,82,3.144
34,177,10.327
209,109,4.717
34,97,13.095
156,1,19.182
148,73,2.97
75,124,12.623
69,141,5.445
57,68,28.935
140,50,9.324
209,81,6.765
59,50,28.659
3,82,36.982
67,41,14.522
92,109,3.49
143,40,4.837
73,106,7.597
129,180,3.183
226,68,5.853
171,12,27.01
151,169,18.192
72,85,27.269
139,43,7.805
44,213,4.437
172,86,3.781
92,28,10.847
139,50,15.27
31,71,54.623
177,68,3.679
7,69,11.408
7,164,6.047
95,179,6.217
200,50,20.099
166,79,3.547
70,12,10.982
92,107,3.286
104,32,10.88
48,117,2.925
15,59,8.656
62,58,12.243
43,29,4.049
166,4,5.257
31,223,5.24
12,133,5.856
1,53,3.802
103,150,9.886
117,180,2.611
98,81,5.103
59,107,12.3
9,107,7.724
5,87,10.456
231,66,4.87
193,53,3.158
34,59,13.81
28,211,17.052
164,112,10.353
3,239,15.07
134,12,13.871
163,9,3.673
127,7,7.216
132,41,2.927
28,22,6.08
5,229,27.889
198,44,11.296
4,137,10.988
1,111,4.504
47,211,6.466
134,132,2.478
79,68,15.319
100,174,3.507
144,119,12.178
25,106,2.795
98,12,7.168
97,68,2.476
126,56,3.572
66,37,11.278
159,81,3.245
9,33,30.226
34,228,17.692
211,68,14.084
44,225,7.317
7,169,8.018
31,233,3.07
109,27,7.321
72,35,8.477
51,53,3.852
32,137,3.694
40,93,4.726
100,41,11.733
135,161,5.524
157,169,11.1
82,50,42.281
110,30,3.681
134,5,2.531
94,182,4.381
171,187,7.697
122,11,7.902
7,66,9.467
147,179,12.278
153,32,6.817
50,179,52.057
166,29,16.416
65,183,56.313
147,196,22.631
44,194,6.703
62,111,7.579
7,119,10.724
163,7,3.488
134,11,3.915
77,32,2.866
83,5,7.089
3,67,2.924
79,87,7.679
31,178,6.569
7,68,31.018
33,56,1.901
95,126,4.097
225,221,8.149
9,51,6.672
26,207,5.248
23,126,5.291
28,157,19.581
33,212,4.521
45,44,5.035
234,204,4.849
48,1,5.429
109,37,9.262
33,157,5.968
16,66,6.583
129,41,4.931
59,188,4.124
59,126,4.259
197,144,6.604
90,162,20.87
32,93,4.702
154,126,2.204
181,227,14.358
31,212,9.313
100,223,7.668
10,209,3.287
234,157,3.212
31,55,8.904
9,50,86.181
34,31,9.143
116,80,3.26
107,187,7.408
51,91,6.521
26,37,3.182
223,40,6.488
68,187,11.86
38,72,2.176
151,3,11.905
66,12,14.713
15,43,3.826
62,25,66.542
77,194,3.901
62,67,6.161
197,38,12.386
129,29,5.773
153,154,4.093
23,164,15.643
79,169,2.733
106,50,18.591
170,14,9.632
65,220,4.136
69,233,5.709
41,90,2.498
179,93,4.685
66,216,15.66
92,50,13.654
23,50,34.524
123,5,5.75
97,169,4.057
27,43,4.05
28,234,3.324
3,154,71.673
26,38,4.197
31,217,5.074
88,7,6.438
1,152,3.921
15,50,4.331
103,41,5.266
195,40,6.421
36,145,3.957
88,29,18.112
56,29,2.593
181,23,2.958
27,50,10.345
192,1,2.714
31,116,23.497
181,13,2.981
205,169,6.299
72,33,4.171
3,16,59.23
110,31,11.478
79,12,3.077
140,83,15.173
90,129,4.561
33,67,2.146
7,2,11.992
202,31,2.703
31,99,22.565
16,228,19.01
195,50,2.166
182,131,32.434
51,3,61.256
59,36,9.964
3,13,11.117
120,212,4.401
34,25,180.223
7,27,9.005
14,41,2.986
5,68,64.833
136,11,5.7
53,91,7.876
35,106,21.396
147,68,22.454
163,90,25.348
153,85,7.127
166,230,3.831
151,26,4.391
191,50,3.616
62,73,8.118
228,68,16.804
57,116,4.707
138,43,4.952
3,84,2.04
16,25,25.88
109,116,3.37
228,50,3.464
62,121,21.718
2,31,2.842
105,132,6.541
163,5,4.566
31,96,6.344
51,96,4.779
44,152,2.21
40,22,2.832
111,41,5.545
74,187,4.928
5,187,9.563
59,27,11.537
171,7,26.967
88,40,4.488
90,96,13.917
7,33,33.506
64,80,4.511
193,74,3.645
9,71,6.972
42,29,5.263
90,169,10.194
50,68,260.975
31,68,123.777
219,187,4.464
19,174,3.391
62,134,1.795
190,6,6.223
97,66,5.479
33,86,4.535
120,187,9.611
234,43,12.115
219,128,4.349
26,5,19.079
97,26,5.281
125,167,13.623
95,5,4.942
31,23,84.157
3,19,15.329
134,7,14.222
145,41,4.03
148,80,3.442
51,5,23.797
136,86,9.362
148,3,7.03
108,107,15.931
30,50,4.956
190,107,3.058
68,73,11.249
28,57,5.727
16,145,16.19
157,68,15.134
203,50,8.329
3,72,214.643
65,95,2.925
197,20,7.876
129,116,2.949
9,136,21.692
143,1,6.694
110,157,3.031
8,37,53.864
205,129,4.533
180,68,7.67
7,23,1.867
74,16,4.607
81,44,18.925
86,187,8.272
26,4,3.457
28,100,2.457
138,40,6.865
28,190,4.207
231,73,10.326
116,58,9.815
73,184,6.304
55,3,1.935
31,18,14.641
1,23,13.196
9,184,5.424
8,41,3.194
69,190,10.891
92,154,3.103
18,11,5.527
34,145,29.429
129,31,4.843
134,172,10.2
182,169,26.382
5,80,8.081
5,86,6.323
15,198,3.602
79,50,19.567
64,50,5.76
11,25,9.725
51,75,2.772
88,211,3.692
22,107,26.028
40,1,56.295
31,64,2.92
28,16,5.26
49,69,3.197
104,88,14.21
160,174,9.026
40,57,4.816
110,23,3.742
210,82,2.499
181,69,3.166
154,55,6.763
2,82,9.836
38,215,4.237
21,73,6.215
122,55,5.365
66,1,44.484
225,81,17.914
92,12,6.083
51,148,14.253
154,6,4.328
208,50,7.293
9,179,3.351
232,157,17.66
50,71,22.724
5,142,8.133
102,132,3.782
165,106,6.495
32,29,11.747
3,149,16.901
51,82,2.932
33,227,2.617
15,111,4.941
33,146,17.221
166,80,3.493
104,161,5.39
148,179,14.462
161,80,3.799
47,32,9.013
75,61,4.779
28,119,11.081
175,3,2.261
90,71,8.253
178,68,7.753
41,169,24.989
129,3,2.04
104,194,11.59
50,87,11.27
72,76,2.823
200,134,5.022
31,204,12.863
115,101,3.55
3,208,25.357
215,68,5.231
6,70,8.834
135,38,3.528
175,1,2.38
103,71,8.468
38,44,11.293
31,145,14.425
7,190,4.825
176,31,2.889
147,129,2.785
88,198,25.702
197,159,1.967
47,90,74.0
26,100,14.417
36,90,3.606
73,178,4.66
181,56,10.794
62,196,7.435
147,97,5.044
154,31,11.415
129,82,3.944
90,107,3.187
181,126,3.596
1,134,2.887
59,23,7.659
103,57,8.091
51,19,8.185
31,73,13.808
1,41,58.918
75,199,19.537
139,46,23.704
51,39,7.079
78,5,3.594
31,39,19.146
107,99,2.017
53,174,3.777
209,208,6.338
1,179,38.13
18,71,3.902
106,81,4.306
97,17,4.569
153,122,6.215
17,41,2.478
151,68,2.318
67,4,3.913
182,20,4.657
202,40,7.814
125,140,4.666
31,36,17.841
50,169,38.122
55,101,9.918
50,39,21.015
70,29,2.717
28,225,6.898
3,70,43.426
191,114,4.852
8,57,8.63
34,157,3.84
90,68,10.837
18,59,6.572
194,169,8.013
179,185,4.328
15,150,4.88
62,180,3.099
40,74,24.171
31,169,53.905
13,169,8.519
62,187,3.55
212,1,3.202
31,182,15.256
125,101,4.478
168,2,4.134
141,106,8.442
31,153,16.339
47,41,6.433
107,44,18.453
208,31,2.527
115,134,3.258
62,179,7.997
72,1,86.331
69,2,10.088
59,55,7.937
49,50,17.939
134,216,2.172
138,1,8.797
66,70,8.117
3,120,9.734
97,211,4.961
110,72,12.105
124,229,34.869
197,102,1.733
4,81,3.697
74,31,12.725
1,115,11.399
180,169,2.844
72,79,3.393
177,25,3.459
194,71,5.184
165,179,5.927
134,81,23.4
113,199,2.754
215,169,3.291
127,108,5.052
44,154,31.377
51,73,6.723
151,109,3.782
171,50,15.232
132,47,7.346
116,81,2.667
22,41,2.999
34,72,3.115
31,162,6.503
181,58,5.927
16,190,3.899
182,210,6.602
182,68,16.13
182,201,10.295
146,102,4.184
53,50,2.779
55,29,15.797
108,79,7.783
25,43,18.102
72,114,3.241
79,187,4.701
1,145,16.62
81,1,8.637
51,153,5.855
166,234,12.351
107,66,7.902
200,7,3.788
15,216,6.616
62,106,8.498
134,50,8.431
69,37,30.093
140,231,12.737
1,55,32.852
225,80,5.781
31,94,10.291
136,3,6.04
97,204,3.789
7,56,5.597
166,208,5.257
