1,2,20.882
3,4,6.355
5,6,6.618
7,8,11.202
9,4,3.405
10,11,4.347
12,4,19.022
13,4,11.497
14,15,19.477
4,16,2.379
17,18,46.674
19,20,8.945
21,22,3.597
1,23,8.982
24,25,5.264
26,27,3.981
28,29,4.701
30,31,3.228
32,27,2.79
33,34,2.928
35,36,2.661
37,38,8.332
39,29,9.986
40,41,2.413
8,36,4.502
42,4,30.89
29,43,11.834
44,41,11.5
18,12,25.802
45,19,5.788
3,1,7.057
46,47,2.938
48,47,2.591
49,41,9.522
43,50,2.545
51,52,24.347
11,53,3.509
54,55,9.835
56,43,11.581
54,57,2.641
43,58,22.13
37,41,7.521
59,35,2.888
18,60,14.794
14,61,22.316
62,63,4.917
64,20,2.404
65,2,3.994
43,66,3.282
40,67,3.277
68,69,2.38
70,71,10.075
72,4,46.725
73,74,7.188
48,54,8.974
75,76,47.527
77,78,5.357
79,4,96.519
45,22,40.674
80,11,2.641
65,81,4.823
3,82,4.995
83,84,2.971
85,20,19.122
43,86,45.992
87,35,3.174
88,25,14.559
35,84,3.367
89,79,3.488
90,91,5.583
92,20,11.1
93,57,13.353
81,94,5.291
95,43,63.02
96,75,3.851
97,48,6.538
78,93,5.229
57,86,6.877
98,9,3.958
99,46,6.961
62,71,2.753
18,22,14.252
68,79,12.103
53,54,13.704
78,100,4.277
4,70,11.487
49,79,2.553
101,102,4.224
5,103,2.498
71,4,11.555
1,94,25.425
83,24,4.461
36,104,4.649
99,70,4.082
66,57,3.372
60,105,16.653
29,79,11.239
106,107,19.783
108,34,14.013
42,79,2.591
11,109,4.043
110,43,10.599
111,4,56.191
112,113,12.117
114,79,3.534
1,115,2.784
39,78,7.505
35,62,3.12
116,117,3.619
118,22,4.032
114,78,3.261
73,84,5.048
81,35,11.18
80,75,30.324
73,40,10.546
119,101,34.602
40,120,29.416
121,91,3.977
122,71,25.198
47,59,3.066
123,97,43.236
1,124,2.928
1,25,18.239
71,36,6.895
125,126,3.379
114,127,8.148
128,41,5.987
86,129,9.27
130,63,7.056
43,131,8.997
40,106,20.346
123,84,72.341
77,87,3.074
116,132,2.983
133,105,3.053
1,88,2.801
134,135,4.187
68,19,3.571
1,120,10.896
136,82,16.019
68,137,4.572
87,48,125.192
82,4,10.101
33,20,7.107
130,54,3.958
138,78,32.619
18,139,18.682
140,141,15.8
56,38,6.964
119,40,4.365
142,77,10.094
95,71,1.822
87,143,3.64
144,145,10.812
139,9,4.978
142,13,7.64
42,19,3.685
22,146,4.644
52,45,12.021
116,3,4.544
123,147,21.901
43,72,9.658
101,31,4.676
114,91,5.003
148,25,3.572
132,149,5.203
15,95,27.305
92,95,21.132
150,58,11.999
80,4,59.611
151,20,32.726
35,115,3.914
15,27,4.967
152,153,3.831
65,54,5.269
26,12,4.299
44,5,7.754
150,79,14.911
1,13,5.794
119,146,14.215
112,91,6.492
154,155,4.437
30,71,2.727
154,116,2.794
88,31,5.915
77,18,2.33
80,155,7.847
110,156,7.196
54,79,11.878
46,131,2.854
157,105,43.302
85,10,4.762
117,70,21.154
107,37,5.232
125,158,6.775
123,120,5.047
75,146,18.877
159,4,4.078
160,118,4.851
48,38,6.085
161,18,3.002
116,162,4.497
163,34,23.943
43,27,2.85
32,43,112.509
85,41,3.291
164,25,18.247
80,33,2.997
165,20,10.381
41,105,13.027
120,25,12.094
11,43,35.165
1,42,33.238
87,11,11.975
116,5,6.362
4,59,14.991
4,69,14.922
166,4,11.542
39,116,4.319
46,48,2.688
147,36,4.788
25,167,5.281
105,102,6.652
4,168,4.431
81,101,8.58
119,18,7.175
101,15,3.477
46,41,5.667
5,9,4.385
18,76,10.143
95,106,23.712
68,169,6.796
40,22,66.12
53,112,5.214
28,20,22.147
49,35,7.579
11,168,6.81
73,95,13.504
170,54,3.082
43,67,11.572
151,4,35.233
88,147,16.473
157,12,12.581
75,36,4.07
95,22,13.355
30,5,6.063
56,36,4.426
46,11,2.115
171,172,6.54
173,52,20.873
1,26,29.299
120,47,5.139
163,87,17.835
22,71,6.902
85,43,18.279
174,18,4.083
153,162,5.615
78,41,14.432
51,73,9.172
23,175,9.114
18,91,2.347
5,176,10.082
177,81,3.228
113,59,5.681
126,20,2.327
79,84,13.629
178,6,4.619
175,34,3.797
32,179,7.364
132,43,15.153
27,34,3.32
77,130,3.569
90,71,4.393
39,46,6.914
180,95,18.829
114,71,3.351
11,35,2.115
95,28,3.34
125,24,24.369
62,162,7.314
174,105,5.309
105,31,2.968
137,181,3.936
182,37,10.997
170,20,20.768
87,25,4.544
89,11,3.768
11,6,17.639
114,72,4.247
138,57,8.671
83,4,8.172
36,183,3.481
75,35,2.791
184,185,4.574
99,87,6.014
36,78,3.284
39,81,6.649
46,65,8.673
18,34,10.9
71,101,2.94
109,22,3.807
48,35,2.688
68,186,8.613
108,97,4.698
43,187,5.218
152,4,12.714
147,116,10.093
76,146,3.866
95,155,7.735
87,118,2.898
123,112,5.468
40,5,2.925
114,104,4.041
114,22,3.433
141,84,22.227
130,132,12.773
1,188,30.741
108,68,11.376
125,15,4.552
189,18,3.796
1,158,6.835
95,115,3.894
190,185,7.53
116,131,7.709
119,29,3.945
48,121,3.88
191,84,38.22
190,45,4.009
114,34,11.519
10,41,11.758
133,1,13.766
29,105,12.401
154,184,7.428
117,75,3.674
123,192,4.316
193,105,45.441
194,43,3.856
44,43,8.499
24,71,3.564
155,20,2.887
195,91,3.559
196,48,5.562
114,9,4.194
154,110,30.559
197,198,48.418
134,137,4.192
6,70,7.917
1,197,2.933
89,43,14.329
120,173,25.822
194,96,6.572
56,199,5.898
75,156,5.577
65,9,6.865
112,54,3.097
80,73,2.707
40,200,3.662
11,67,5.822
140,33,16.355
138,4,2.482
20,2,19.572
49,201,5.645
202,32,26.752
112,78,3.461
134,20,14.782
43,31,9.152
203,31,26.044
20,25,20.895
73,175,8.143
204,71,41.458
66,4,6.166
190,54,5.588
1,132,4.366
116,28,2.999
136,1,6.951
75,55,3.362
109,37,2.933
41,40,2.323
106,20,37.133
81,4,45.916
1,28,17.619
48,55,11.552
204,63,3.686
95,18,61.362
40,205,10.909
206,4,3.217
44,58,6.909
154,27,4.31
207,106,6.589
136,115,5.442
178,78,3.608
99,73,3.046
175,18,16.41
108,169,7.642
62,165,9.23
27,1,7.581
148,20,28.058
1,11,2.873
73,8,3.395
11,5,10.846
134,124,12.646
62,41,11.058
87,114,3.171
58,67,2.977
114,106,3.632
23,120,4.368
153,208,2.916
95,34,5.84
85,53,9.925
144,78,11.972
75,5,6.833
124,23,3.895
116,10,15.515
32,41,20.885
178,32,14.036
50,54,3.423
88,71,45.012
24,91,4.08
110,149,4.569
68,13,7.772
39,89,4.734
68,194,6.659
40,35,5.352
25,71,4.564
78,209,31.99
203,22,11.087
199,41,7.225
46,43,27.302
32,100,27.26
89,71,2.053
95,188,5.107
32,69,16.061
51,45,12.837
1,32,21.198
210,76,10.881
43,211,8.515
195,112,44.222
75,109,9.054
80,212,6.205
28,22,7.072
40,63,14.228
43,121,2.863
119,166,10.441
110,57,3.256
213,182,7.049
105,22,7.203
68,72,5.489
101,75,6.36
148,4,55.28
95,83,6.668
147,54,6.501
175,54,4.634
1,63,19.45
32,209,13.893
191,20,10.806
93,199,4.785
186,47,3.7
40,52,16.727
77,106,3.632
164,41,2.686
174,36,7.506
116,151,6.54
43,38,39.599
33,214,3.323
202,138,10.615
138,22,3.673
107,61,3.566
18,215,4.583
175,112,5.313
58,105,15.471
43,78,96.433
80,31,2.499
99,42,3.509
183,34,7.044
139,79,5.536
114,115,4.188
64,146,8.79
43,105,85.636
142,200,5.282
87,210,15.406
56,41,7.552
192,20,29.198
114,124,3.163
71,113,4.974
140,75,15.656
28,106,4.077
85,68,3.318
47,35,2.938
79,19,7.414
46,5,27.323
78,18,10.854
78,71,63.689
1,72,10.192
153,41,4.427
189,188,4.745
15,49,4.843
1,146,8.53
95,12,28.565
46,55,3.297
114,48,13.916
85,56,4.586
123,141,54.639
101,153,4.951
65,84,2.191
164,43,2.93
151,131,8.432
81,70,7.533
75,151,2.486
212,216,5.174
80,177,42.529
148,187,8.02
217,70,4.462
39,4,16.253
118,11,25.403
132,76,4.062
204,173,7.267
51,25,18.584
21,45,5.455
134,120,5.103
72,61,7.284
106,46,8.678
218,23,3.382
1,212,27.081
65,61,3.987
132,105,7.969
95,60,7.03
89,105,4.117
129,214,14.551
116,55,4.03
46,9,3.307
51,77,2.783
5,35,7.136
4,129,2.644
11,106,7.263
87,6,3.51
56,120,4.587
10,43,16.568
27,105,11.932
188,74,9.773
12,102,8.11
1,165,6.834
32,93,20.209
97,75,52.617
219,103,5.384
18,28,6.05
40,172,5.797
36,63,4.302
32,117,11.813
112,20,14.928
116,220,3.976
18,1,15.635
134,54,3.247
43,18,79.652
46,62,7.019
71,68,2.487
57,35,3.909
73,52,4.95
1,181,2.56
120,35,2.559
193,2,10.309
73,69,9.279
97,46,3.649
204,120,5.737
46,105,74.406
15,8,3.251
73,221,19.717
165,106,7.69
222,95,3.718
142,43,18.205
223,65,4.546
79,35,7.499
39,42,3.401
211,1,13.524
200,23,16.699
116,15,8.166
57,22,2.425
1,68,50.856
15,26,3.816
224,114,21.113
186,78,4.449
43,159,3.504
85,158,3.971
36,31,2.651
114,162,4.586
151,40,2.725
101,115,15.552
212,63,3.034
56,67,4.29
138,32,56.423
44,146,8.816
183,22,7.675
106,81,3.934
21,33,35.271
153,71,6.398
53,101,9.749
69,70,3.108
83,55,4.152
126,23,3.783
95,102,7.423
67,84,26.693
167,41,20.785
175,95,6.356
97,33,21.054
126,40,2.749
43,91,55.021
154,38,7.468
36,131,4.181
68,33,3.069
73,91,4.058
75,200,6.476
6,35,3.996
76,27,5.204
175,206,4.442
175,105,16.931
59,167,9.808
92,81,18.991
42,185,4.432
148,54,21.448
1,19,2.644
187,54,3.457
18,63,166.943
224,93,21.905
2,105,11.948
106,38,15.66
119,223,8.186
173,151,3.64
43,109,52.035
1,89,14.711
114,135,4.068
218,32,9.785
170,181,5.243
164,141,4.277
20,38,4.957
144,47,3.979
82,20,10.598
223,5,18.101
82,54,13.086
65,221,6.409
106,54,2.776
123,76,18.221
225,199,4.333
46,24,2.479
144,41,3.506
95,41,9.604
27,33,7.543
224,57,7.294
138,209,2.928
5,146,3.552
23,68,3.308
79,22,44.804
155,105,4.251
99,61,45.39
107,55,3.761
200,210,7.49
151,22,2.333
75,8,8.272
1,29,8.251
27,4,15.047
80,20,40.813
118,71,7.899
68,81,10.279
80,97,13.685
36,69,4.458
1,83,5.799
73,165,14.572
1,37,8.059
95,223,4.275
136,54,9.453
18,27,16.58
143,20,5.796
85,134,8.014
92,46,20.204
41,31,2.748
46,12,43.783
114,93,4.267
101,36,12.401
73,79,20.921
4,33,19.351
1,114,6.081
197,4,2.615
88,226,5.016
110,78,32.775
57,20,16.055
1,227,16.442
148,23,8.708
76,183,2.954
13,54,4.448
138,34,3.998
73,55,15.187
68,46,1.839
147,5,8.512
40,55,26.416
56,62,4.087
203,97,10.622
106,101,3.342
1,228,5.752
27,20,12.617
40,20,52.509
83,63,6.183
7,96,4.364
55,102,7.226
43,6,30.786
114,41,10.854
173,45,5.354
226,4,11.453
114,169,5.65
106,18,63.572
1,134,9.558
150,105,12.783
170,23,8.348
68,75,6.966
95,17,10.181
21,75,47.389
116,112,11.61
125,192,4.268
26,4,26.874
1,97,13.58
222,52,6.141
43,104,2.931
23,20,6.703
151,27,4.153
30,54,4.357
116,183,5.22
111,54,3.09
212,18,5.534
77,216,3.961
209,55,3.522
155,57,3.961
58,4,2.432
40,192,3.486
224,24,3.508
155,35,3.367
7,146,17.691
1,44,4.007
51,74,24.301
229,20,5.538
73,23,20.298
23,60,5.549
230,4,3.701
133,220,7.206
191,33,14.308
97,79,8.98
86,33,2.935
70,9,3.65
204,31,5.676
68,18,22.622
39,70,3.467
56,39,3.72
18,146,24.604
55,41,3.926
224,47,4.203
89,38,4.223
142,55,5.543
123,222,5.136
140,20,3.872
47,34,3.377
119,4,17.735
36,55,6.497
231,43,15.264
184,69,3.898
11,115,4.997
85,91,3.031
52,22,9.201
163,209,4.338
103,71,4.17
4,74,29.392
56,191,12.158
1,57,17.43
161,99,3.722
202,43,21.306
28,60,4.886
48,70,11.502
107,45,8.508
189,43,13.057
123,52,5.521
39,84,8.453
162,103,4.399
123,197,11.916
134,191,5.88
156,6,11.732
19,183,6.744
92,33,3.522
232,4,5.753
89,47,7.542
43,208,5.241
79,188,14.265
106,35,25.271
50,4,4.408
143,41,3.742
73,167,45.119
77,146,4.873
35,61,8.496
57,41,11.05
150,5,7.623
1,8,3.359
114,6,16.806
78,86,18.667
170,107,3.514
224,145,3.705
127,233,5.092
40,65,8.395
173,54,7.616
19,101,3.917
169,4,10.101
18,25,3.897
95,192,3.521
95,8,6.517
135,20,7.764
41,169,5.064
18,120,5.678
95,111,7.607
18,72,3.753
18,155,7.128
95,32,7.208
30,84,7.219
21,63,3.641
104,151,4.205
32,66,2.933
128,111,12.8
173,71,5.901
160,111,5.247
98,41,4.248
200,40,6.278
44,30,4.695
29,131,4.13
50,201,17.079
1,21,2.928
40,181,7.161
5,63,5.87
1,117,5.299
190,4,6.853
87,4,17.147
77,73,7.107
134,56,8.411
146,80,8.288
217,61,23.595
80,201,4.942
132,69,4.016
92,4,22.305
147,25,38.39
177,72,8.645
24,55,23.456
75,54,4.95
116,20,20.568
1,192,9.985
132,96,8.713
1,185,3.442
44,90,4.658
47,162,7.19
4,61,10.531
148,59,3.146
114,121,8.604
43,48,61.979
1,125,6.956
1,99,8.739
95,183,6.39
77,200,6.196
191,75,20.078
117,57,3.449
203,234,22.04
150,52,4.307
150,177,3.323
37,199,7.455
162,91,3.994
114,86,8.518
69,185,4.294
40,34,2.588
19,55,18.894
101,95,22.043
235,34,5.253
114,236,9.406
48,107,2.802
186,10,3.467
54,199,10.765
111,84,5.416
137,9,31.705
72,2,4.987
99,55,6.336
18,167,5.939
210,237,26.474
114,57,9.449
17,27,4.273
206,116,3.167
29,92,5.037
99,4,22.64
230,59,4.846
24,59,11.429
48,210,7.285
71,20,7.404
79,76,10.083
10,144,4.005
211,193,5.64
77,91,12.879
237,25,22.431
97,191,40.535
11,107,3.179
62,131,4.089
118,32,2.455
89,204,4.114
73,4,68.718
209,179,23.66
231,91,7.801
134,136,5.822
20,188,38.047
44,96,4.533
235,106,8.183
21,20,6.469
35,1,1.968
43,19,2.884
83,166,8.548
87,40,3.563
77,107,4.853
8,14,3.483
120,79,71.136
73,1,2.391
131,168,4.223
42,192,4.375
130,11,6.857
120,146,4.93
18,220,14.288
119,84,7.189
106,5,12.816
116,40,7.468
80,84,19.284
46,96,4.358
97,76,88.42
120,188,8.002
33,193,3.501
139,65,6.682
41,91,10.466
120,210,4.998
130,95,3.088
112,153,4.559
29,167,9.747
95,63,26.381
111,74,4.471
88,198,25.797
163,109,5.126
135,112,3.019
154,55,9.989
40,45,4.734
57,69,5.809
152,25,17.342
68,61,4.36
204,79,6.657
10,39,3.202
23,1,3.727
7,132,27.845
89,171,10.848
89,41,3.813
83,105,14.686
40,111,19.234
68,164,14.08
59,61,3.969
76,45,7.823
14,193,4.192
68,146,10.022
197,95,3.668
143,183,3.902
78,33,17.518
46,92,2.866
134,42,4.275
46,40,15.104
202,86,34.793
140,1,4.128
120,5,7.485
170,106,3.587
68,62,17.89
211,111,11.625
104,230,4.79
35,55,3.297
78,105,3.066
196,148,6.332
194,20,17.072
36,32,1.668
107,20,8.727
95,237,5.099
123,194,13.25
75,227,32.706
32,199,12.394
45,74,4.679
148,219,3.851
160,43,2.974
73,62,3.18
64,151,3.377
111,40,6.17
18,69,2.802
46,155,3.367
96,4,10.633
136,25,10.04
123,32,10.419
98,18,5.358
11,48,36.152
1,205,17.88
89,18,11.953
88,123,92.784
111,23,27.923
1,186,3.058
218,48,3.193
189,78,4.044
192,220,6.083
189,22,2.728
1,147,10.193
139,80,10.184
222,40,9.656
144,43,1.848
219,40,3.981
165,221,10.712
68,70,3.347
58,84,6.635
222,49,2.866
43,35,68.615
8,38,9.787
138,36,7.944
215,186,11.894
11,41,3.216
1,170,16.693
78,177,2.829
148,227,3.326
203,76,11.692
106,12,16.834
139,193,6.188
25,40,7.962
212,4,29.641
206,34,4.162
199,38,7.944
189,106,8.146
23,94,5.255
20,146,14.246
95,57,3.075
151,84,7.658
15,106,47.144
57,34,33.013
36,48,7.983
73,115,6.797
23,139,4.735
92,157,7.896
1,82,11.338
39,101,17.537
124,4,37.698
32,55,14.958
116,221,7.444
28,18,17.149
15,22,3.511
114,43,14.253
211,35,8.06
154,62,9.585
151,35,2.77
110,179,13.984
163,114,3.379
177,111,4.907
95,165,4.714
78,187,3.156
77,55,3.747
123,226,4.576
8,58,4.007
222,30,5.427
45,20,3.796
80,151,10.486
1,102,10.458
25,19,3.315
119,1,2.942
204,22,4.858
39,97,5.492
24,94,18.367
161,134,5.384
144,40,4.48
124,40,3.504
170,24,8.747
154,41,10.246
33,4,6.695
30,132,4.612
15,34,9.59
20,205,16.77
161,20,5.493
18,108,17.943
180,92,9.256
24,22,15.108
11,86,5.088
43,176,6.148
25,193,4.156
20,102,15.743
88,46,9.199
190,32,3.202
93,20,3.097
43,41,85.305
190,20,7.296
65,35,6.309
37,179,15.118
24,35,2.479
62,155,4.427
150,157,7.69
137,4,10.386
32,86,52.215
54,76,2.644
109,4,11.478
139,4,17.728
73,48,2.732
43,36,6.855
40,66,7.544
80,71,3.11
194,64,5.848
106,188,5.807
72,20,38.289
80,90,3.139
78,17,2.865
79,20,28.937
189,72,5.03
46,194,6.194
53,59,5.219
190,107,16.705
111,201,3.79
141,237,15.296
170,40,5.386
73,5,12.285
202,27,3.839
42,115,3.825
1,77,2.298
106,61,4.021
28,4,27.864
230,20,3.187
80,23,2.976
166,20,14.909
116,187,9.46
46,183,2.694
49,139,5.348
18,65,28.962
116,177,4.47
116,4,40.985
55,19,14.559
98,38,4.657
134,89,4.675
41,5,16.316
85,13,12.821
137,49,5.342
32,228,17.606
162,127,8.688
36,41,3.898
4,25,34.538
133,4,22.889
1,31,13.832
177,20,2.274
49,108,5.237
96,31,3.115
43,71,27.229
7,43,7.998
169,105,16.45
106,115,3.986
148,24,15.397
111,1,3.441
41,1,6.402
72,65,3.411
43,5,61.284
80,17,67.277
24,20,16.242
39,138,4.962
163,228,4.081
18,2,3.302
1,123,4.367
224,36,9.235
47,8,3.262
41,62,5.582
1,119,6.035
226,71,3.625
7,90,4.489
126,4,2.215
134,235,3.958
159,11,4.131
123,237,32.871
84,1,2.15
14,1,12.031
227,35,3.077
62,153,5.507
47,71,36.536
154,224,4.292
65,24,4.436
82,3,4.255
99,217,45.375
98,61,3.833
92,155,3.955
1,33,16.924
134,96,5.239
40,27,3.799
85,54,4.159
136,94,19.841
25,65,4.636
116,80,3.649
43,230,2.757
18,84,22.785
78,69,15.989
1,58,2.739
1,148,24.864
1,56,19.974
48,41,12.608
40,72,7.151
132,90,7.763
150,40,9.465
153,20,14.7
20,70,19.668
150,75,3.251
11,68,6.586
48,136,4.385
48,27,2.703
11,18,5.242
147,18,3.097
18,188,15.01
222,188,7.296
229,188,4.349
43,26,21.622
95,211,18.934
46,63,6.162
27,86,3.328
78,66,3.295
20,176,2.766
15,41,4.285
203,71,18.949
130,58,3.589
194,35,6.194
68,40,13.601
138,109,14.486
56,210,49.049
18,175,7.475
54,38,6.305
41,24,3.95
4,105,105.533
163,78,20.005
137,23,3.661
158,4,6.166
68,49,4.337
193,4,35.214
174,101,16.979
119,75,4.519
10,78,5.818
138,199,6.939
18,55,7.183
76,55,3.604
165,35,2.904
11,20,8.148
164,62,15.892
77,35,15.151
76,4,10.157
4,67,16.89
73,38,15.283
159,223,4.646
39,71,3.659
134,90,4.307
162,41,7.891
154,22,7.209
20,94,23.738
40,31,5.17
68,50,2.449
163,37,11.381
32,227,3.584
73,35,38.199
101,96,5.138
101,118,4.721
95,59,3.092
123,56,34.133
46,38,16.806
1,74,3.533
11,113,4.579
161,217,4.011
46,106,16.593
125,43,21.518
50,111,3.718
42,55,8.718
123,50,6.955
62,151,3.865
95,36,3.965
36,166,7.388
137,18,4.148
51,29,23.369
130,176,47.658
78,47,5.767
222,167,5.708
42,12,5.569
77,95,2.778
45,25,11.537
56,46,3.047
89,76,2.625
86,84,2.7
25,105,10.424
47,79,5.93
68,37,3.476
238,16,3.855
154,69,7.515
182,43,9.023
190,10,3.657
107,168,3.55
15,5,17.357
95,35,29.493
78,22,12.221
175,40,25.464
175,111,5.666
74,28,4.063
1,62,24.382
132,58,3.891
136,20,6.495
180,77,3.477
15,9,8.003
179,71,3.428
95,42,3.061
87,22,7.216
96,71,7.686
47,22,4.293
95,166,17.054
180,26,8.393
75,24,3.671
131,35,2.854
39,41,12.01
20,41,21.478
97,183,2.672
67,71,9.127
70,4,33.424
80,54,6.768
220,146,5.777
4,146,22.104
48,145,15.414
29,233,3.082
96,90,9.723
36,43,32.72
134,105,6.731
234,71,11.914
80,91,2.659
158,32,3.34
117,20,4.979
77,43,36.52
51,28,8.397
224,20,3.133
76,5,3.536
56,40,4.157
161,110,4.445
22,41,3.093
211,33,4.287
79,55,6.667
73,9,3.123
229,71,3.136
163,48,21.44
114,214,13.312
229,90,7.57
106,36,7.823
32,67,2.954
71,54,5.868
147,101,13.814
123,38,2.915
116,34,2.938
152,141,4.087
188,105,10.992
32,151,2.935
112,25,4.512
73,103,8.289
1,204,3.09
43,61,27.916
133,68,4.324
175,89,20.4
36,145,4.334
123,234,14.703
116,75,5.366
21,4,2.599
80,137,4.64
1,27,5.952
21,146,3.991
139,95,4.073
209,57,4.035
28,166,3.918
210,33,116.304
75,20,41.214
222,29,2.878
108,174,4.402
134,71,12.619
119,103,1.053
189,26,3.365
80,204,5.934
116,97,5.324
86,23,2.918
101,67,3.943
170,4,17.843
110,22,3.438
157,81,7.257
41,101,3.57
236,43,11.504
48,100,4.657
186,38,3.547
154,118,5.605
67,33,3.413
163,62,3.378
195,127,3.635
119,55,3.505
143,22,3.518
101,194,10.376
123,31,12.856
64,70,9.259
1,41,15.457
5,41,11.253
40,47,3.002
26,105,34.04
22,94,61.25
46,120,10.139
187,11,4.741
33,201,6.156
157,60,6.127
78,149,3.648
186,54,4.4
99,19,11.978
69,33,3.215
10,212,5.883
56,151,2.674
106,192,7.362
165,109,4.029
142,105,25.305
134,39,3.179
177,18,39.291
159,153,5.243
123,41,2.612
84,41,7.754
125,40,3.408
110,27,4.776
177,146,13.77
68,73,17.842
118,78,3.86
98,105,9.351
11,176,6.944
41,69,3.497
120,20,10.098
23,80,19.319
23,36,2.958
20,74,7.302
15,11,3.447
54,59,3.301
15,35,3.311
62,38,14.391
33,146,8.178
205,41,4.17
32,91,2.571
48,57,38.709
119,188,9.538
161,40,4.48
41,54,2.761
222,97,14.046
20,61,17.32
48,168,2.914
19,105,15.525
51,123,4.91
212,83,3.861
43,28,2.382
222,43,2.884
161,32,7.386
46,79,7.499
217,19,8.138
42,151,2.81
15,2,3.816
224,43,24.294
43,64,10.384
15,12,3.577
203,122,5.292
18,4,115.323
217,55,3.222
65,109,4.0
73,81,26.181
235,108,8.4
229,54,4.84
116,22,6.117
2,188,29.799
43,185,3.044
29,46,3.777
107,59,3.793
73,46,38.199
150,36,4.33
135,153,7.815
101,41,2.471
220,84,3.934
29,27,5.246
182,22,6.735
73,59,3.444
98,62,4.944
150,27,6.645
215,36,4.946
139,177,5.184
99,116,8.009
68,152,6.519
234,67,12.205
20,60,29.15
134,43,18.143
27,84,4.417
97,73,5.389
46,95,12.233
112,48,32.667
197,22,10.925
17,188,6.255
25,4,12.858
29,193,5.01
75,148,3.5
218,11,5.878
68,182,6.683
86,4,1.779
211,68,8.5
205,105,4.401
130,22,3.135
1,86,2.039
116,78,11.557
170,189,8.496
17,111,6.3
92,124,3.964
111,175,9.632
108,4,11.449
68,99,3.358
90,63,6.195
215,78,3.191
58,69,10.758
75,215,5.097
23,192,4.022
17,55,7.514
23,41,8.216
236,115,5.159
78,103,3.058
189,193,3.204
68,167,4.303
126,5,7.27
32,40,2.151
116,107,3.578
211,81,6.209
227,22,4.097
135,4,5.153
132,22,3.517
177,43,13.105
123,25,16.663
239,199,12.328
80,63,188.964
116,106,15.714
211,46,8.06
193,28,4.043
30,29,5.283
56,48,2.583
75,58,5.859
186,223,4.76
18,26,18.346
114,1,2.722
58,176,4.562
173,84,8.557
114,12,3.8
22,176,3.198
158,108,5.712
207,41,2.762
218,43,7.616
67,31,23.981
1,222,3.067
68,229,3.158
101,45,5.783
95,5,16.373
73,105,4.489
47,33,9.134
101,146,7.22
108,20,5.349
43,173,11.638
71,63,5.127
174,119,8.128
216,81,3.909
15,78,3.498
112,4,13.895
66,6,3.978
55,71,13.156
206,89,4.524
39,48,3.214
142,92,4.894
39,114,3.653
78,168,3.302
73,54,9.422
124,105,41.616
55,63,6.511
212,102,13.607
148,136,4.967
200,81,5.76
47,18,7.703
139,89,4.706
212,23,8.382
123,2,5.409
184,55,3.433
10,70,3.582
18,71,2.685
59,41,3.33
109,199,9.215
78,57,24.765
194,192,28.319
160,1,4.175
147,41,3.61
157,111,13.823
35,41,23.506
48,179,19.434
123,122,10.343
218,114,7.755
83,20,16.304
8,59,3.416
84,105,2.352
4,185,3.112
24,181,5.251
43,9,15.178
222,18,5.971
130,43,4.86
125,114,4.421
142,15,3.781
18,90,2.817
89,61,5.054
216,20,5.145
97,57,17.894
28,150,6.17
186,159,10.539
4,91,5.301
48,228,12.255
48,71,20.862
122,20,14.988
99,5,4.142
10,45,15.401
3,20,6.637
88,197,21.455
134,75,7.837
222,106,3.81
18,237,7.164
158,65,5.995
70,3,4.013
37,20,7.478
101,47,6.806
177,114,4.343
186,20,12.777
18,49,8.043
135,75,13.251
33,153,3.894
90,84,4.391
78,91,5.043
64,18,4.6
180,114,3.008
55,183,5.848
180,4,7.193
62,75,3.782
127,4,2.585
197,132,4.32
200,18,3.37
78,34,3.868
48,33,9.237
55,91,6.962
57,38,12.342
111,188,9.895
36,18,5.772
236,20,8.517
147,80,3.487
27,63,3.772
36,83,10.985
180,35,8.015
142,35,13.008
183,84,2.501
150,43,5.559
170,14,3.29
87,23,3.239
147,120,3.603
150,92,13.491
66,149,9.8
56,8,5.243
197,33,26.526
163,224,3.461
217,18,2.789
18,68,9.738
101,172,17.415
43,167,16.774
165,40,3.411
237,33,23.89
43,80,14.796
68,71,7.633
42,217,3.797
196,101,5.892
81,41,2.91
45,40,4.261
130,20,5.987
111,46,7.205
32,145,2.744
148,46,43.413
39,95,3.36
140,56,16.73
217,4,18.056
138,43,58.001
182,199,4.882
158,106,15.279
43,113,8.18
97,21,71.116
1,166,12.84
136,148,38.487
75,149,5.306
193,223,6.442
134,111,3.543
58,33,3.392
136,40,16.162
1,111,5.503
139,165,3.238
78,63,2.45
74,4,2.823
68,170,3.117
236,33,4.884
139,54,5.429
48,171,3.886
114,19,4.393
220,4,8.752
154,179,4.997
218,41,9.812
114,131,3.645
20,81,10.414
84,108,4.384
64,81,5.291
80,120,2.591
114,137,4.247
212,33,3.501
164,20,4.756
101,12,4.256
104,131,20.191
139,183,7.47
193,188,9.351
1,40,40.978
137,106,11.489
81,46,5.649
191,120,5.53
46,223,3.184
106,80,2.73
210,227,17.476
27,22,5.721
200,72,5.402
43,136,10.518
73,61,2.966
186,55,7.488
8,4,6.42
139,34,6.92
62,2,10.943
41,46,17.839
35,150,3.777
85,75,13.892
68,210,2.989
175,20,4.292
71,47,4.193
33,54,5.131
157,43,9.491
107,18,13.454
68,157,6.616
130,69,3.43
26,35,3.367
73,75,7.826
133,80,4.192
111,81,12.088
77,75,6.94
1,193,28.895
192,111,4.068
77,12,9.578
68,23,7.049
206,171,4.358
42,57,4.532
7,5,11.033
97,65,2.362
50,71,12.427
48,6,24.615
75,129,3.416
154,43,53.417
224,118,5.246
77,120,3.718
42,204,4.297
44,18,27.098
96,69,11.276
36,106,13.209
206,47,8.185
89,153,5.657
32,22,12.23
36,91,4.33
150,126,4.052
68,216,9.752
101,43,16.289
36,22,8.587
97,40,2.756
1,15,2.541
196,4,4.763
9,35,3.307
106,41,16.912
75,22,11.224
1,69,2.766
107,41,10.226
95,54,9.303
99,35,6.961
43,70,37.041
147,81,7.616
21,132,4.192
116,54,14.964
25,148,8.844
8,150,5.065
52,4,27.202
6,129,18.281
73,151,6.934
202,34,3.533
210,20,2.484
88,237,11.562
97,95,2.339
215,20,12.576
13,20,8.458
89,31,6.537
173,4,39.181
220,20,25.086
44,80,30.385
14,36,3.601
229,4,5.634
43,168,18.354
197,54,3.893
68,220,3.964
1,105,72.816
75,66,3.731
202,33,3.446
219,43,6.848
33,84,27.672
115,20,10.62
116,128,4.952
51,173,24.679
238,6,4.099
39,112,4.046
77,143,3.714
64,37,4.28
112,22,6.764
188,63,10.542
56,33,66.73
101,20,1.804
46,22,10.77
42,84,3.529
43,55,43.596
20,31,25.966
68,227,4.236
180,1,2.489
119,114,4.105
71,201,5.75
18,24,3.549
139,150,6.042
43,81,28.958
133,35,5.613
89,15,7.408
62,141,3.724
55,52,5.395
225,114,5.003
32,57,189.166
143,37,7.064
240,71,44.011
1,106,7.502
35,20,4.141
80,184,3.442
28,15,12.972
37,4,9.796
89,157,4.043
172,20,13.009
32,20,27.4
32,6,22.554
77,20,7.445
77,159,4.131
50,90,4.504
155,4,2.772
14,68,4.391
143,86,10.296
80,146,19.411
77,45,3.572
193,22,2.539
226,68,3.648
210,201,6.783
138,20,2.62
134,153,3.763
66,121,5.02
155,55,4.209
99,101,3.86
68,189,9.095
132,63,6.576
111,63,37.475
226,22,8.676
180,20,4.636
171,5,3.662
133,101,7.968
7,36,5.298
47,4,22.067
144,19,5.384
85,160,4.799
11,137,8.823
133,36,4.301
198,33,31.115
65,220,4.182
76,84,82.683
21,55,3.735
75,38,6.408
175,25,5.829
73,78,2.279
203,132,4.291
116,35,3.254
32,34,61.483
75,237,21.578
119,80,8.112
15,40,10.562
140,123,6.555
119,149,5.87
87,65,2.897
193,106,13.376
110,47,3.861
43,17,5.537
46,78,2.518
78,12,2.735
7,30,4.527
106,111,3.328
209,33,3.574
183,4,9.067
4,63,48.886
190,55,17.402
25,22,43.817
26,31,3.946
125,9,5.209
200,74,5.749
4,108,2.585
1,236,9.045
123,20,4.026
7,75,99.333
10,46,2.963
43,155,5.967
43,217,8.718
116,84,4.786
132,55,3.655
49,91,2.271
111,35,7.205
15,107,12.452
35,40,9.752
78,145,8.089
137,90,4.354
160,153,4.33
55,22,5.429
154,156,13.154
114,152,7.84
189,2,5.201
81,105,28.789
22,74,13.087
114,68,3.098
116,136,4.15
43,40,45.564
18,58,6.558
120,45,14.285
147,43,8.85
10,107,7.703
80,79,3.166
25,101,4.372
54,67,3.389
184,4,2.716
161,78,8.186
73,186,8.609
73,49,5.788
106,23,14.583
130,5,9.93
144,195,11.631
20,63,27.057
56,79,4.359
88,234,6.679
25,94,26.446
18,79,2.777
147,210,12.449
116,32,2.198
42,25,7.403
222,76,3.224
62,20,32.336
184,20,2.849
187,107,4.709
119,76,8.97
223,23,3.616
15,43,29.801
1,18,38.882
166,111,3.832
163,43,12.558
132,59,5.65
17,71,3.867
68,28,5.23
4,181,12.854
81,12,3.121
75,41,16.275
36,209,2.42
150,81,12.294
45,4,15.368
46,34,6.15
135,5,2.986
123,105,6.39
54,91,4.406
127,16,3.877
7,78,10.997
19,193,4.295
182,78,3.966
104,4,2.997
150,46,3.777
191,79,9.682
1,167,68.22
197,20,2.743
36,65,6.562
140,22,10.335
1,43,59.352
43,207,9.965
180,132,9.915
212,187,6.376
35,5,20.187
73,36,13.361
103,41,3.352
43,46,41.313
178,48,7.28
161,123,5.094
68,112,3.962
21,84,66.663
222,79,43.267
80,76,8.093
200,33,6.773
23,46,8.386
43,111,17.07
46,71,4.495
33,105,6.034
186,4,12.915
212,1,2.82
105,41,16.256
187,4,7.837
120,74,14.476
134,13,8.503
101,65,4.082
101,18,25.148
1,22,18.804
119,63,4.501
138,86,12.966
68,52,3.859
171,81,17.132
203,32,3.858
1,98,26.169
89,220,4.484
20,33,17.786
163,55,3.176
114,229,8.015
56,76,41.002
116,11,2.698
101,63,3.901
123,204,27.323
43,146,19.454
43,107,39.328
4,41,47.106
114,32,24.02
77,65,2.971
115,81,7.594
118,4,18.1
97,214,5.485
43,94,3.521
51,222,13.743
73,94,3.787
68,48,5.007
139,106,29.742
127,91,7.347
149,181,9.52
190,70,4.302
97,4,24.003
111,173,4.206
43,165,11.406
187,43,2.418
80,47,5.244
25,35,3.271
62,25,6.791
107,34,3.346
227,4,15.456
48,86,5.294
224,209,2.635
71,9,3.272
68,83,3.777
177,58,5.128
4,22,106.933
194,210,6.783
15,157,4.87
114,61,2.835
18,177,2.64
47,149,4.085
56,132,9.643
227,20,22.077
80,67,9.527
132,8,9.565
43,183,15.636
125,212,7.275
62,35,3.899
170,55,4.221
139,20,21.546
152,47,3.549
92,55,10.02
48,64,3.596
118,70,3.582
80,36,10.525
29,4,40.583
125,65,10.198
77,79,2.573
224,179,11.199
123,203,36.526
68,65,9.235
56,141,13.079
73,80,6.768
47,84,69.093
41,221,2.395
142,73,4.208
148,94,28.667
195,70,3.272
43,68,17.652
78,208,74.191
228,71,3.43
211,98,4.579
43,181,29.571
40,23,19.79
101,108,5.34
1,116,11.415
14,89,4.576
80,111,17.377
18,46,9.398
173,25,8.588
67,41,5.33
71,31,18.107
68,5,2.967
68,201,4.875
143,71,3.451
98,20,39.392
46,57,3.909
96,6,4.936
118,20,15.568
5,20,15.051
177,151,3.215
43,25,8.395
136,22,16.582
1,7,12.02
171,24,4.591
110,40,3.486
42,43,3.621
62,4,44.678
43,193,5.651
151,36,3.936
84,71,50.637
174,34,4.255
10,35,2.963
112,71,3.555
199,34,3.503
29,65,4.002
37,34,6.242
39,62,4.37
175,79,3.59
45,23,4.729
148,48,7.965
54,108,7.577
75,33,80.012
14,4,13.971
154,71,6.277
193,35,4.068
42,47,3.891
142,18,6.98
135,151,3.241
68,204,3.594
225,32,4.0
72,105,7.12
138,47,6.282
43,54,32.816
43,45,17.866
15,167,4.205
147,33,8.026
76,67,3.722
81,68,4.264
62,230,8.557
23,181,3.662
49,46,4.134
215,4,12.041
123,78,3.596
147,237,43.809
48,20,21.32
235,4,12.287
43,166,21.341
55,167,18.3
101,7,12.667
75,120,4.25
159,43,2.676
224,156,11.116
43,156,10.131
89,97,8.663
212,40,3.115
28,155,3.888
95,65,8.768
92,35,23.07
43,10,14.249
14,95,20.502
151,63,9.513
80,8,7.879
18,81,15.318
1,183,2.651
46,216,3.123
151,12,3.323
5,33,3.202
159,78,4.318
27,101,4.729
150,173,8.398
73,173,18.901
69,41,3.205
35,223,3.184
123,227,16.082
43,59,15.573
65,106,17.36
1,152,5.287
36,11,3.027
45,41,3.047
15,128,8.215
101,116,3.807
10,87,6.343
222,35,2.773
32,4,30.471
56,149,5.662
48,25,7.124
15,94,5.058
25,24,9.233
123,21,18.867
71,1,5.967
142,65,5.587
151,1,8.268
151,62,3.865
124,10,3.246
68,84,13.891
173,33,6.366
71,38,7.999
29,35,3.777
4,34,12.84
83,60,18.595
153,4,21.163
142,23,4.67
18,227,6.159
52,25,5.425
110,4,2.825
148,35,43.413
207,61,3.528
224,32,38.126
68,20,102.841
73,32,2.852
101,89,12.404
29,55,7.605
95,46,17.26
120,33,8.94
207,124,4.327
154,33,7.944
144,114,4.843
68,92,11.477
41,98,3.034
68,35,1.839
27,181,4.55
87,36,2.043
97,20,45.233
119,97,4.027
99,40,9.671
43,205,13.001
33,35,3.891
87,57,19.772
13,43,8.366
11,4,12.076
2,41,2.888
29,20,28.087
68,150,11.091
17,8,9.376
56,156,5.977
40,81,17.7
215,101,5.032
47,124,3.895
101,40,3.054
193,40,7.509
114,188,15.012
220,71,6.751
175,101,53.54
97,67,6.754
137,102,5.034
41,146,9.832
182,91,2.825
150,8,3.896
56,4,33.231
33,70,3.069
70,61,3.986
46,36,2.661
129,34,12.82
126,151,3.268
147,11,2.374
151,79,5.75
87,32,49.203
4,35,22.325
95,81,6.381
36,20,19.727
234,4,1.719
32,37,22.365
99,18,22.56
54,33,6.209
62,57,3.108
75,50,2.885
150,18,8.898
42,41,2.124
227,141,12.576
106,40,3.433
135,229,4.757
70,24,4.011
48,199,24.004
83,91,4.436
194,4,11.848
32,156,19.266
219,145,4.312
12,35,15.248
33,1,5.564
125,18,3.91
11,64,6.541
70,53,3.475
43,8,5.352
87,20,16.378
21,27,5.369
101,54,7.207
97,27,4.714
186,153,9.355
73,188,3.6
78,35,4.7
20,67,15.37
101,27,25.628
225,57,4.553
119,36,6.416
28,81,8.881
10,48,2.524
111,22,6.693
97,54,7.846
152,43,5.25
95,70,2.648
49,4,6.499
154,228,8.092
32,75,3.615
37,22,11.077
217,20,17.4
126,81,2.976
40,18,12.791
224,37,30.92
148,40,29.44
222,151,3.731
114,230,3.86
65,20,21.817
76,141,5.825
85,22,4.372
189,108,4.701
40,48,7.792
200,55,15.571
30,162,23.028
55,185,12.494
170,95,2.895
1,172,2.569
42,105,7.44
147,63,3.679
43,103,10.376
72,41,3.767
17,151,4.197
1,118,9.218
89,36,3.82
99,170,3.878
18,174,8.615
47,173,6.54
112,11,9.525
65,22,21.449
80,227,3.76
89,95,8.043
204,4,10.187
53,62,5.342
150,20,10.481
81,40,6.03
86,6,6.54
132,4,19.496
110,118,3.998
51,105,7.889
116,186,7.76
23,35,16.342
18,38,3.55
78,117,9.198
238,48,9.445
114,2,4.049
97,22,2.052
177,17,3.536
232,19,4.038
116,48,5.296
53,46,5.741
4,167,69.687
211,172,7.345
10,82,4.825
150,111,12.9
174,20,13.703
30,90,10.0
153,3,5.288
32,33,14.91
230,131,15.707
81,38,3.238
68,56,7.608
222,120,3.128
88,20,2.611
204,146,5.605
175,222,4.029
44,4,6.916
35,65,2.364
71,41,17.674
164,67,3.367
20,86,1.884
1,38,2.248
18,61,13.342
139,105,4.881
79,45,34.959
225,48,13.712
73,63,2.891
193,26,7.176
213,195,11.414
124,20,34.164
95,84,2.157
151,199,3.896
204,20,8.294
193,157,5.79
180,46,8.015
119,72,8.227
197,43,2.868
150,31,8.898
11,2,5.04
1,36,16.275
78,5,2.468
114,100,4.693
173,188,15.656
80,27,14.09
68,80,14.636
203,237,5.611
21,79,4.847
30,97,4.777
37,156,5.475
71,98,4.416
151,33,2.956
49,38,4.33
152,38,3.057
39,106,3.452
215,112,5.402
190,184,8.672
77,63,2.795
148,43,14.606
56,212,3.73
56,35,3.047
29,45,8.098
43,37,38.113
35,94,2.792
134,201,3.948
43,75,25.476
23,25,3.606
68,116,13.913
125,236,6.398
78,55,3.029
80,41,2.324
77,229,5.986
112,236,8.062
4,60,3.523
46,23,7.956
161,112,4.463
43,2,19.153
95,69,2.784
116,96,4.842
68,7,10.023
150,41,5.255
12,5,8.207
93,179,4.937
169,12,8.0
89,84,16.811
43,96,19.624
85,118,9.637
71,91,7.432
15,200,3.905
126,24,5.418
41,183,3.962
73,120,11.043
5,167,2.857
28,92,18.993
25,20,9.211
42,20,35.903
36,113,4.122
159,41,3.694
77,46,15.151
111,105,26.402
87,101,4.492
119,21,9.269
146,17,4.362
48,90,5.747
168,71,6.037
86,34,34.775
46,59,2.888
47,54,2.623
189,20,11.891
89,20,26.032
46,4,37.63
133,46,5.613
88,4,2.483
73,210,5.879
28,46,5.909
1,54,35.807
68,165,8.389
123,201,8.281
18,169,12.647
152,62,12.147
46,107,13.906
78,37,22.665
78,20,8.821
55,69,3.713
235,23,5.253
89,75,3.726
40,25,18.887
80,95,20.925
95,169,4.748
149,146,6.024
11,25,4.653
173,76,3.145
97,210,6.329
20,19,7.637
170,171,22.692
209,228,4.427
169,22,5.666
4,84,47.921
73,72,4.274
48,93,10.526
48,129,9.207
134,50,8.217
48,23,2.267
193,5,4.818
89,115,5.38
84,146,11.833
139,68,4.535
65,34,12.723
116,38,2.89
106,24,8.311
132,211,9.962
240,43,3.75
97,141,23.621
234,84,30.07
160,73,8.987
119,150,3.641
85,4,18.426
184,18,9.246
84,63,19.802
171,4,5.547
58,63,7.737
175,72,8.493
148,168,2.989
222,65,3.953
33,6,4.375
68,118,4.705
75,67,6.513
187,45,8.731
151,41,6.459
4,102,9.436
101,167,3.07
132,20,9.23
57,33,3.195
143,4,5.545
106,9,45.068
33,63,6.362
95,14,15.982
101,105,34.563
214,84,5.172
56,7,19.538
32,153,1.93
163,66,3.623
170,205,3.998
39,168,6.774
73,101,4.776
1,65,4.952
68,106,2.582
89,62,9.814
101,229,14.504
43,33,17.46
95,176,3.151
55,59,28.544
29,22,19.198
160,105,4.435
143,226,4.612
56,116,2.929
40,188,6.26
18,151,9.093
116,73,10.186
154,77,2.843
68,53,3.158
132,75,25.782
134,1,6.283
81,65,7.385
190,69,4.474
89,222,3.927
134,79,11.491
203,204,5.889
46,17,4.094
133,81,8.676
113,55,5.243
123,198,23.413
119,234,4.719
68,54,8.968
101,237,23.996
51,111,8.288
97,6,7.718
57,4,19.401
190,41,6.474
83,41,3.603
203,21,12.053
36,84,14.184
73,113,3.907
152,20,4.942
1,201,2.787
98,4,25.346
112,5,2.402
62,70,3.951
29,120,3.763
76,22,3.466
56,90,4.077
75,199,5.499
119,28,14.401
64,71,4.507
92,41,8.17
1,50,2.72
153,75,6.01
225,129,5.448
23,216,7.322
48,91,6.148
36,17,4.971
101,151,2.776
70,20,18.092
48,22,11.514
23,14,9.452
147,20,18.069
170,81,2.587
188,33,3.603
126,75,3.034
223,69,4.493
51,41,9.551
54,201,3.495
10,77,6.218
51,92,3.829
10,4,10.395
172,105,12.223
32,54,10.129
68,10,5.482
202,69,4.512
95,80,3.826
67,63,13.867
123,224,4.816
51,20,2.813
1,230,3.392
114,189,4.461
68,22,10.864
150,15,4.171
11,63,2.795
46,18,10.305
179,33,9.563
25,42,5.231
88,204,17.2
114,46,3.109
73,41,37.634
218,34,10.78
118,36,3.381
87,75,5.543
151,70,3.408
89,63,5.067
114,105,11.899
120,52,19.597
114,146,4.237
122,33,9.323
40,84,6.668
77,41,9.526
97,151,5.812
101,69,3.876
5,181,7.032
28,105,81.39
68,47,3.171
20,23,8.411
106,72,7.4
101,49,3.604
88,192,4.776
18,17,13.137
71,34,2.04
174,4,6.805
156,34,11.314
1,155,3.057
4,31,18.739
119,5,7.219
6,34,9.685
204,220,4.734
203,40,3.93
4,201,6.45
84,4,1.832
17,35,4.094
43,115,2.199
75,141,12.231
48,34,6.505
43,117,8.046
24,162,5.357
154,32,52.794
101,169,5.312
39,38,11.903
35,107,3.048
114,5,2.691
138,179,3.908
38,34,7.697
120,4,57.866
224,48,34.913
92,111,13.285
101,211,5.642
147,95,23.413
43,127,5.26
40,235,9.812
44,36,3.557
11,156,9.047
18,14,16.903
187,48,2.796
97,18,16.288
86,38,3.659
39,136,4.828
132,33,3.713
38,91,11.616
48,146,2.719
118,156,3.972
101,81,22.353
148,95,7.947
89,4,37.3
215,68,5.007
95,20,29.685
117,4,4.763
7,41,19.304
206,36,3.288
156,33,3.013
20,201,9.2
116,153,3.998
187,38,3.417
87,18,2.339
55,33,2.894
207,167,4.61
172,4,11.307
36,75,2.931
41,68,1.724
58,146,3.583
68,188,24.759
163,33,3.486
18,172,2.598
18,19,6.633
119,43,16.214
75,153,3.713
1,108,2.942
217,33,4.515
49,20,6.844
49,167,6.639
228,70,8.735
73,111,13.696
88,84,24.529
78,10,5.599
96,41,3.947
81,1,4.311
189,4,15.532
224,129,22.718
23,4,21.98
123,79,6.793
86,41,14.844
165,18,3.89
95,24,9.54
18,94,4.344
81,20,8.898
20,69,4.533
98,99,4.124
43,83,17.18
231,4,3.127
143,47,9.284
18,201,4.45
62,188,4.526
11,70,8.134
177,84,8.658
39,34,3.73
70,101,28.164
110,87,3.704
164,4,15.006
23,167,3.371
71,22,9.772
138,93,4.137
11,32,5.198
20,84,72.603
54,41,12.008
114,20,9.937
1,151,13.172
62,81,3.612
145,209,3.691
139,14,71.322
51,40,13.229
114,153,3.112
119,175,30.95
119,95,18.635
39,43,18.301
211,27,4.81
114,38,4.62
204,33,10.268
163,69,6.295
35,183,2.694
43,53,2.49
25,1,9.947
198,71,12.266
35,22,10.77
71,24,4.127
95,139,17.773
109,71,3.552
7,58,9.826
8,18,14.175
95,75,2.888
108,139,5.194
13,64,5.051
207,65,4.364
138,156,4.969
40,74,3.865
70,98,9.37
191,210,5.774
51,43,7.549
1,184,3.046
11,188,4.539
123,152,3.491
114,75,5.347
78,59,3.391
95,1,4.683
190,43,16.653
88,23,3.873
151,46,2.77
139,1,7.997
40,146,4.52
160,20,21.174
166,22,3.392
213,112,14.166
107,57,4.902
77,69,3.796
133,95,7.913
80,228,2.799
140,6,2.955
155,228,5.186
18,5,26.451
3,148,4.463
73,17,3.372
95,216,3.23
80,81,2.691
58,23,5.223
81,62,3.467
151,81,3.06
212,43,15.253
47,107,3.226
68,63,7.856
18,105,125.585
14,18,30.923
68,151,2.761
78,156,4.246
56,146,12.317
223,167,4.052
200,4,20.693
18,228,2.532
11,193,4.767
12,188,4.06
39,187,3.494
101,11,2.615
203,50,14.78
112,95,8.699
154,48,11.841
101,164,11.309
108,36,14.526
57,239,7.475
113,41,3.963
35,26,4.132
79,25,25.516
119,177,26.077
107,38,13.729
24,4,26.535
133,188,17.254
116,23,2.064
193,114,4.368
87,183,3.263
155,63,8.201
43,20,91.513
5,105,25.721
151,105,3.654
211,4,19.611
28,5,10.301
114,40,3.49
99,107,9.483
42,201,3.793
124,1,29.383
41,4,10.56
152,67,3.212
4,38,11.526
112,49,3.1
89,137,3.821
82,48,3.11
72,188,18.124
197,201,7.066
43,63,36.452
48,37,15.724
24,38,4.381
29,1,19.09
51,150,3.867
49,61,4.434
114,95,6.755
125,170,16.614
222,173,24.426
217,25,3.427
92,43,17.798
89,73,3.155
118,151,5.206
18,54,8.513
211,188,5.387
80,43,27.901
114,33,9.837
36,49,4.536
206,18,3.479
142,46,13.008
44,20,8.918
7,67,10.893
88,97,5.971
135,48,3.664
116,71,10.724
203,67,11.234
116,166,3.36
72,69,5.557
15,20,14.31
47,31,5.111
173,22,4.979
139,18,22.59
95,4,30.613
115,4,2.488
18,35,19.703
192,18,7.3
128,4,17.984
114,199,7.606
87,209,8.701
40,232,3.36
50,22,7.071
43,101,1.686
1,24,15.19
32,129,20.853
13,101,4.232
40,122,4.347
216,55,9.826
43,16,2.899
144,4,3.693
182,57,10.662
215,116,4.771
36,95,12.391
43,151,17.505
47,146,5.04
96,55,5.075
43,150,5.422
78,146,2.956
75,210,55.121
193,41,5.072
48,188,3.21
153,86,2.306
97,78,5.4
35,34,6.15
99,43,15.753
80,55,8.229
80,46,11.013
26,20,27.461
44,67,2.961
43,221,13.608
42,40,6.547
27,41,3.666
18,193,3.083
29,151,3.914
73,43,74.056
90,58,3.713
160,4,20.288
1,80,30.077
106,1,9.19
62,55,16.739
120,84,7.135
187,71,3.819
95,200,3.551
164,152,55.44
43,149,6.079
85,71,14.372
29,49,2.784
46,227,3.077
95,90,3.732
40,216,16.683
180,162,3.887
32,84,33.746
98,60,5.934
114,4,20.294
192,63,2.94
93,86,4.004
68,34,6.124
37,57,15.28
1,217,6.562
153,84,15.129
43,129,4.169
15,46,3.311
36,47,9.763
1,138,2.825
8,20,6.742
46,91,3.03
36,171,7.868
1,76,11.263
142,29,3.613
28,35,5.909
43,47,21.37
43,171,26.818
39,11,10.642
89,32,1.839
15,47,3.676
101,23,5.89
106,34,9.173
21,210,11.229
20,4,561.515
1,55,25.766
122,4,3.595
56,114,2.499
186,187,3.739
97,63,10.909
23,40,18.296
32,149,3.118
192,47,8.249
40,183,5.479
55,4,53.377
191,141,7.776
78,153,6.082
211,18,7.934
182,64,7.487
71,108,3.292
43,112,5.645
77,36,12.416
126,181,50.018
18,67,8.511
69,38,3.547
212,47,3.895
119,105,11.466
123,47,24.336
106,139,15.045
43,90,17.341
56,84,38.73
15,81,9.548
40,217,6.693
116,43,75.717
39,55,3.725
15,105,40.665
118,37,3.021
207,20,2.455
92,1,9.339
211,20,22.107
106,175,3.531
229,33,7.669
150,54,11.373
224,11,3.338
188,41,3.481
77,167,5.399
116,46,3.254
101,87,2.937
138,24,3.367
125,8,4.19
46,26,7.499
140,4,3.699
10,112,3.241
53,95,6.528
224,196,8.731
1,133,2.871
32,155,7.259
92,78,2.77
98,137,4.002
77,187,3.512
1,160,18.315
39,37,3.201
20,185,6.37
1,60,3.931
1,161,2.871
124,33,3.501
73,15,22.416
126,43,19.931
43,120,11.05
28,43,13.491
161,210,8.542
55,232,3.558
14,105,3.282
123,87,4.132
97,120,2.709
97,32,33.583
20,34,5.276
1,75,21.247
111,52,4.824
210,79,4.769
80,58,7.348
99,25,3.139
20,35,13.184
203,84,36.653
109,57,4.721
67,35,2.339
106,14,21.816
112,59,8.57
75,79,4.022
21,5,3.662
163,54,2.884
36,107,5.72
116,235,10.645
138,37,16.555
109,168,3.846
132,176,16.887
106,105,32.58
223,59,4.283
71,146,7.363
161,4,6.278
20,167,83.7
57,228,3.811
116,170,6.288
39,165,3.977
7,4,33.229
64,53,3.795
30,43,8.556
118,64,5.321
74,105,3.343
43,24,29.875
88,194,14.598
11,91,3.167
142,12,15.615
43,228,12.099
58,20,2.556
1,51,3.026
116,168,8.691
8,139,3.576
193,43,4.112
41,65,11.904
153,146,3.641
124,25,6.385
78,62,2.423
18,9,6.867
11,167,2.984
97,35,3.649
141,25,3.743
11,151,3.1
73,235,4.865
41,20,5.803
40,75,7.404
77,84,5.258
123,48,6.754
55,20,39.482
18,40,12.261
80,49,4.405
78,1,1.872
138,196,4.064
77,183,3.337
160,211,5.384
175,4,20.314
68,120,3.162
158,20,11.29
87,112,15.431
89,106,8.525
134,115,3.589
15,61,4.163
1,79,18.605
43,108,24.683
48,214,10.443
123,68,4.14
68,67,2.331
3,71,8.135
111,79,9.7
163,20,14.813
123,191,13.406
17,4,8.199
193,20,26.952
150,120,4.277
134,193,8.445
132,5,6.186
173,20,2.229
43,201,2.616
95,33,3.061
180,105,79.504
133,20,15.647
20,226,8.733
148,233,7.365
11,78,3.768
51,22,54.486
116,217,4.957
116,70,6.871
68,32,4.376
87,46,3.174
210,54,3.176
80,83,9.884
68,11,4.706
73,171,10.554
78,54,14.327
43,14,2.058
1,95,14.265
64,22,3.802
170,61,3.795
68,96,7.127
43,162,11.052
73,233,3.273
77,236,3.817
222,84,13.172
120,18,2.29
99,15,15.649
71,105,3.975
51,65,12.395
239,34,3.782
87,81,3.395
18,124,6.177
67,167,3.261
222,131,3.423
146,63,15.889
116,108,11.416
89,235,6.339
39,35,6.914
234,31,35.281
151,129,3.797
125,4,12.364
76,20,26.011
1,153,12.797
174,99,5.077
148,18,2.318
134,84,6.07
143,68,3.474
80,69,3.162
99,33,4.117
107,35,10.858
207,4,2.35
119,33,3.054
1,87,7.775
39,109,3.538
51,188,3.935
20,228,5.415
157,169,8.57
189,1,2.428
79,33,9.997
54,162,4.108
96,84,2.611
74,20,2.951
152,91,3.638
56,20,29.208
46,81,5.531
14,20,35.552
40,169,5.534
39,73,9.16
64,54,4.159
87,78,17.741
137,20,8.374
123,188,4.852
99,20,18.926
43,65,46.791
10,148,7.334
87,73,3.239
123,211,5.05
13,71,7.077
159,40,4.611
68,217,3.706
48,24,6.499
92,18,9.073
45,120,4.877
56,97,41.636
125,20,10.737
101,73,5.144
54,84,7.279
163,97,14.157
4,71,20.465
155,81,3.657
160,27,5.407
62,227,4.709
54,63,3.756
204,192,9.118
134,19,6.476
158,43,10.153
40,54,2.665
120,19,5.387
123,164,3.68
151,19,3.249
33,129,2.985
68,128,22.133
87,43,13.971
148,22,11.213
68,15,2.902
101,106,2.42
114,35,3.109
28,111,9.545
175,15,7.821
192,8,9.603
135,43,9.79
134,40,9.32
1,17,3.195
72,1,11.122
217,72,7.767
84,22,5.687
65,4,26.254
211,174,6.481
73,22,6.082
1,207,2.61
84,26,3.33
1,220,5.066
48,149,10.05
51,34,4.284
21,141,6.0
1,47,7.963
216,4,27.621
56,109,5.429
116,111,11.089
62,48,6.118
196,118,9.129
135,146,4.066
35,105,74.406
150,132,3.78
43,235,14.377
175,157,6.333
132,40,8.045
30,75,4.014
160,33,10.282
41,162,8.781
55,70,10.262
77,38,6.846
68,200,4.681
14,9,8.577
101,22,18.862
82,187,5.219
65,55,9.724
56,153,6.46
130,90,3.385
101,152,6.554
12,20,14.531
78,40,8.395
68,101,68.798
120,71,4.613
150,63,6.823
46,165,2.904
43,229,2.674
47,220,4.311
14,165,8.474
114,207,3.39
119,20,11.445
41,63,2.679
70,48,7.344
111,33,4.15
88,148,3.839
12,2,8.777
148,71,2.871
107,12,13.046
222,20,10.376
119,237,5.807
56,95,3.154
223,63,3.522
116,41,2.563
6,84,7.202
97,173,2.844
36,105,3.778
56,237,23.136
43,184,31.828
92,193,9.118
36,4,14.044
56,203,10.988
147,169,5.489
171,20,12.849
133,41,3.038
170,43,41.601
116,184,10.103
73,24,5.533
95,233,4.265
68,226,9.869
180,182,2.965
77,40,4.048
57,84,16.616
147,73,3.116
53,10,9.664
153,54,16.858
39,236,4.625
43,209,5.09
123,93,5.462
8,24,5.133
7,18,41.082
101,182,6.704
189,100,5.476
77,4,13.927
28,41,3.795
235,9,5.089
161,48,3.053
54,23,3.012
125,95,15.084
14,183,10.645
119,31,4.154
116,6,4.333
35,80,7.711
190,68,3.902
44,8,3.986
193,18,7.408
32,239,6.524
43,200,15.373
43,124,2.53
19,65,6.062
18,36,6.287
23,108,3.518
224,84,5.352
15,14,19.96
87,231,4.38
147,29,8.862
81,34,4.051
103,233,6.268
65,108,5.166
18,183,12.616
62,228,16.867
15,23,4.493
75,84,48.766
240,78,23.46
42,223,2.672
177,63,15.331
7,80,45.193
43,223,27.761
39,189,4.822
107,69,4.138
15,36,3.47
78,46,2.182
1,93,3.302
35,63,6.162
27,65,4.085
48,4,37.213
56,101,6.942
162,38,13.651
18,31,5.025
78,151,2.674
1,73,21.331
1,49,3.495
167,63,2.84
40,24,14.688
238,178,14.257
198,210,27.048
222,4,21.102
134,47,6.715
7,179,10.325
1,150,4.613
18,20,97.617
1,171,6.251
89,24,3.661
15,65,19.205
68,193,8.129
227,33,24.424
186,36,4.768
43,49,16.002
192,33,3.619
68,12,6.913
87,27,4.492
1,163,15.942
10,170,3.725
10,54,18.411
152,48,3.499
224,71,10.057
75,18,29.551
134,146,3.716
190,1,6.874
78,109,9.986
101,136,4.367
78,38,13.695
160,11,4.453
43,79,11.578
55,105,7.634
111,20,15.974
51,79,70.625
52,19,6.141
150,45,6.754
68,89,3.344
68,173,3.468
128,63,6.645
62,59,4.114
48,109,13.285
116,81,8.56
133,147,9.148
78,81,9.682
33,40,2.42
134,4,21.569
27,139,5.472
212,170,7.127
78,24,2.831
69,71,3.491
211,2,5.944
114,173,3.905
25,74,4.533
53,4,4.793
143,43,3.102
140,48,2.515
111,58,10.471
54,4,45.408
15,24,4.191
31,63,2.634
116,158,5.704
236,4,8.16
177,15,4.706
219,19,4.806
10,91,7.043
231,11,6.048
43,137,7.126
163,138,9.407
192,71,29.479
202,143,4.86
18,33,2.623
1,107,5.728
138,184,5.559
28,124,3.887
123,135,3.774
119,41,6.347
76,63,12.056
99,72,7.441
46,49,3.445
43,233,2.07
78,199,6.856
175,147,6.091
23,65,4.784
75,65,3.933
144,46,3.67
73,118,3.589
20,71,27.704
87,70,5.006
19,1,9.585
75,90,7.788
182,4,5.919
95,55,6.487
41,74,2.495
149,27,5.03
185,71,6.117
107,4,5.707
158,62,12.067
77,32,2.305
10,71,3.46
10,38,3.113
151,38,3.783
123,75,31.489
1,48,15.124
96,20,11.162
46,115,3.914
120,111,12.086
116,68,7.479
1,112,4.418
46,67,2.339
153,63,5.268
161,22,3.704
107,105,10.353
78,4,24.559
55,45,5.041
15,183,6.77
95,157,4.019
111,27,4.673
180,43,19.551
83,31,3.544
134,210,5.348
93,4,2.959
142,95,7.965
43,76,4.112
1,96,5.561
72,74,5.645
41,22,4.06
106,205,3.463
84,20,1.96
43,84,20.954
1,53,2.502
81,22,4.33
147,173,3.764
196,32,7.154
89,181,7.101
46,33,3.891
47,41,2.773
80,188,9.097
95,132,3.461
81,6,4.22
41,107,8.092
114,151,3.438
95,40,2.662
43,179,11.64
78,48,44.175
190,71,9.814
151,188,3.542
192,4,18.202
1,92,2.556
56,73,8.561
177,78,4.102
81,23,12.093
183,20,7.03
23,22,5.175
210,84,5.927
54,183,5.958
55,208,3.509
197,71,18.206
15,108,12.285
228,4,5.189
11,132,6.548
24,33,3.86
208,71,86.336
35,91,3.03
218,129,8.507
186,48,3.035
43,22,48.335
101,83,3.639
47,20,12.002
68,41,15.935
77,224,4.292
58,31,7.616
33,71,48.473
137,81,9.995
73,83,3.886
25,59,5.355
211,101,6.045
32,24,5.477
152,41,5.315
5,67,12.355
35,120,7.58
10,22,2.997
209,70,3.697
235,5,4.54
175,80,8.41
97,111,5.953
48,49,2.719
47,109,3.628
64,84,3.565
53,20,2.346
32,70,5.814
106,8,17.462
20,58,9.104
71,59,4.208
101,150,9.519
26,2,4.538
120,22,35.13
18,23,26.214
11,101,2.705
225,239,17.983
55,25,12.582
96,54,8.224
107,184,4.269
212,151,7.051
224,4,5.278
143,108,5.283
124,70,3.629
219,127,11.427
54,69,3.59
116,62,3.25
55,61,6.926
123,4,11.028
43,60,3.139
1,35,12.842
5,4,11.481
212,20,30.52
15,184,7.152
194,33,6.156
175,150,4.66
90,31,4.895
120,131,3.209
226,20,3.125
101,224,2.978
112,127,4.501
140,210,8.268
87,217,6.582
101,112,4.456
35,216,3.123
39,20,19.24
48,84,18.7
145,71,3.248
35,12,28.535
89,230,5.314
62,33,3.096
101,4,95.014
46,25,3.271
1,216,5.539
32,214,8.342
101,148,4.735
32,81,11.316
125,116,9.646
75,201,2.948
138,48,5.495
157,4,5.36
125,49,4.805
163,84,13.231
43,145,2.49
101,48,15.596
56,87,4.5
162,233,3.968
75,4,43.321
56,89,4.017
15,101,4.057
163,100,6.886
40,79,35.864
57,55,5.437
7,20,20.562
222,46,2.773
32,184,12.988
1,164,5.068
32,78,104.356
18,101,18.98
79,71,5.291
1,61,2.779
92,151,3.358
110,32,9.928
18,41,8.567
98,107,3.969
180,28,9.073
42,50,3.726
44,150,3.854
196,43,2.863
32,71,12.347
238,32,36.681
93,209,4.974
73,33,14.128
150,4,22.247
68,26,3.625
46,6,3.996
1,78,5.755
204,18,5.3
68,55,9.997
14,65,9.492
80,35,3.302
126,19,3.361
48,3,3.392
153,38,4.882
121,38,3.362
186,152,4.123
40,173,20.11
14,106,41.241
1,135,5.723
125,106,18.739
184,22,3.438
36,153,8.747
46,84,3.367
134,33,11.361
1,59,7.073
132,32,2.741
1,71,10.463
18,111,40.511
70,182,6.867
180,51,3.752
147,79,12.174
150,83,8.929
80,78,7.015
73,18,45.022
68,105,28.504
96,35,4.358
186,41,7.052
165,4,18.515
134,25,8.987
87,37,2.668
77,231,4.284
97,177,9.241
187,41,6.942
57,156,9.373
116,91,3.58
1,189,10.251
23,34,2.911
98,89,5.071
234,20,1.794
134,204,7.442
123,46,4.987
101,37,3.496
212,75,3.475
109,156,6.156
154,132,3.337
121,41,3.09
139,61,14.147
92,12,28.764
110,117,3.939
15,188,3.161
18,128,12.861
197,210,18.076
43,34,32.483
229,146,3.662
40,105,17.204
138,224,12.952
79,74,9.682
147,22,4.644
80,220,5.075
43,74,9.581
165,33,3.542
95,193,3.399
68,111,24.451
116,61,3.751
23,63,18.598
56,200,6.933
98,165,5.838
124,193,29.361
77,151,4.227
220,188,6.35
78,80,2.292
43,69,35.281
10,47,18.83
80,40,10.464
1,39,11.259
116,182,5.534
165,60,11.383
154,78,26.771
109,209,2.903
43,153,15.85
75,46,2.791
97,41,2.643
133,2,5.363
44,132,14.62
39,75,6.081
210,71,25.996
77,7,7.968
180,91,6.047
124,19,4.295
116,24,11.558
1,12,15.586
85,1,17.186
56,22,7.89
1,194,7.492
55,23,4.385
1,67,9.384
37,168,5.406
210,4,2.361
43,4,175.533
123,71,68.727
224,78,27.028
116,65,22.112
68,172,5.211
113,71,4.296
96,67,10.536
43,1,18.105
97,71,4.004
50,20,7.006
43,57,28.395
15,1,4.278
78,84,4.967
77,19,5.046
88,47,15.503
158,81,4.402
4,23,33.837
120,55,4.64
147,4,11.536
35,4,15.305
20,181,2.383
134,173,7.226
95,105,59.597
51,120,40.712
29,41,11.132
189,205,4.273
203,4,3.179
20,9,4.472
73,108,3.26
116,49,11.514
56,21,40.514
134,87,4.467
85,73,8.102
20,59,9.572
30,96,8.095
76,33,34.056
32,62,25.937
206,15,4.014
17,20,2.982
20,108,2.729
57,100,10.547
221,34,7.751
1,234,1.906
182,48,12.546
123,35,4.987
215,65,5.283
95,236,11.662
192,84,7.477
213,162,5.852
216,205,12.62
150,22,5.6
106,65,7.005
101,90,6.015
79,227,3.995
219,4,3.262
175,177,8.307
80,5,2.515
54,239,3.537
111,80,17.554
53,35,5.741
96,5,9.326
11,9,8.716
148,3,13.231
69,176,5.236
111,101,5.839
115,34,4.264
43,239,2.757
211,124,18.642
47,168,3.338
54,20,39.799
8,63,8.293
116,18,9.883
14,34,6.72
152,66,4.638
88,35,9.199
89,116,3.661
68,97,9.136
87,137,3.653
1,70,12.334
80,185,3.838
137,50,4.389
68,147,2.943
62,47,6.618
20,22,29.408
24,113,10.437
26,22,2.7
1,84,23.301
136,24,23.646
133,193,5.114
116,195,8.858
199,156,6.625
101,204,7.71
18,185,3.478
32,38,12.438
43,62,44.434
89,40,15.34
153,47,3.408
151,55,3.968
32,35,12.327
112,70,4.196
96,25,4.866
36,37,5.563
47,63,3.279
165,49,7.456
238,75,3.693
193,27,3.778
215,73,4.688
186,43,7.654
112,62,8.97
143,65,3.537
139,40,8.954
97,43,11.602
43,12,30.555
85,6,3.271
228,33,3.798
56,227,35.013
8,41,8.901
238,78,12.061
27,45,6.875
1,81,4.863
68,230,3.752
148,73,5.741
68,43,34.8
32,109,6.078
85,87,6.819
43,23,46.415
133,18,8.908
70,68,7.467
68,153,3.347
42,32,3.926
43,188,15.764
163,4,14.051
97,146,4.159
46,32,12.327
150,84,7.4
199,129,3.93
122,220,14.253
15,4,18.325
106,181,3.276
43,192,7.773
193,46,4.068
73,20,24.215
106,108,8.001
68,29,3.313
189,40,3.352
24,18,2.839
23,221,4.389
87,224,2.258
203,75,10.254
211,26,8.429
112,128,9.21
46,94,2.792
73,11,3.191
75,82,4.056
66,37,8.557
116,171,31.269
73,65,6.234
43,216,15.883
15,172,2.987
71,55,3.77
25,12,5.004
138,71,3.039
137,201,5.88
68,168,2.838
77,48,15.919
101,84,16.584
73,211,5.912
231,48,17.192
43,106,59.881
43,93,2.888
206,108,4.309
150,181,3.931
97,86,2.901
240,55,3.804
112,43,29.882
7,33,8.715
116,36,32.511
145,6,7.014
43,199,15.785
28,26,8.207
35,38,16.806
203,47,5.324
101,71,7.537
218,143,4.824
88,120,5.642
180,211,67.399
89,54,4.499
73,223,15.47
20,105,86.705
14,8,7.992
15,139,18.856
118,43,24.953
193,60,5.734
101,80,14.64
4,121,3.164
73,181,5.116
83,54,3.684
1,46,14.81
80,167,2.687
56,135,14.127
77,16,4.131
85,62,3.317
101,137,7.157
40,151,8.811
119,56,4.875
123,62,3.128
43,3,3.157
68,187,6.046
106,4,52.486
32,5,2.602
65,76,2.644
126,36,6.432
77,222,3.835
132,54,7.372
80,128,6.339
153,25,5.883
35,71,4.495
153,55,3.527
77,105,11.432
85,38,3.618
144,35,3.67
77,44,8.306
64,172,6.238
46,61,8.496
32,48,104.388
77,80,2.641
43,214,5.17
46,20,17.325
7,150,5.527
70,1,9.103
1,5,2.247
143,78,3.8
83,18,18.05
139,15,9.122
216,19,6.89
48,75,8.691
41,34,10.0
99,49,14.283
136,4,20.276
202,78,9.292
77,112,8.338
